285 1193 1.93778
296 1218 72.2949
333 1253 66.7301
457 1339 31.2464
475 1348 33.4013
488 1341 45.632
509 1354 5.39926
534 1355 57.4536
502 1356 35.7808
445 1324 21.2172
464 1320 0.0495648
352 1277 31.0246
380 1302 28.451
395 1302 14.1345
364 1277 20.4691
405 1320 12.7766
433 1334 21.8362
423 1318 7.7572
419 1332 35.4994
457 1346 6.67571
440 1342 17.9829
396 1316 63.8678
470 1352 107.222
528 1362 106.279
530 1361 106.83
431 1338 10.8854
477 1354 62.8601
418 1296 18.829
390 1270 8.20111
365 1258 29.6307
345 1245 37.3175
491 1356 37.1664
531 1362 28.1325
533 1359 13.4753
536 1343 91.5403
539 1311 8.62404
489 1317 2.31564
436 1307 15.1098
370 364 6.99498
367 378 7.39464
412 374 34.3103
244 928 49.3204
299 972 34.8025
285 924 24.2129
405 1250 10.3876
423 1244 12.162
422 1215 25.2123
426 1181 19.3064
397 1181 9.06177
392 1216 36.3306
448 1287 26.5108
422 1270 26.0415
339 1212 9.16607
339 1178 34.5421
362 1227 57.8568
345 1150 24.4065
363 1164 19.7216
294 1028 15.6408
324 1010 12.8689
393 1118 0.968902
393 1153 17.3907
379 1175 6.43719
419 1148 16.8256
458 1013 19.4801
441 996 7.74773
426 1042 2.14698
419 1115 17.7157
441 1091 12.9902
432 1067 0.267847
444 1169 7.76932
453 1201 6.41135
460 1183 2.04993
416 1025 12.7424
427 994 7.05661
406 1002 22.7359
491 1001 14.9263
483 980 16.3914
445 928 6.4082
449 947 20.372
462 928 6.38131
427 969 6.75015
439 979 3.02696
553 1038 8.3745
550 1013 9.24261
535 1013 7.15828
549 990 2.85732
525 989 21.3329
552 976 0.948736
544 963 0.723057
410 1089 9.21674
374 1140 27.0962
375 1093 8.26758
399 1058 5.57651
516 946 4.40649
552 952 4.54502
535 942 8.21143
516 936 2.14815
503 938 1.44033
492 945 0.933706
490 953 2.45688
505 964 0.252258
485 962 1.03631
572 956 5.75815
473 900 13.7538
490 881 4.1868
482 883 15.3144
510 869 17.1123
499 867 2.53117
468 908 5.63958
467 946 5.82119
517 855 3.18588
467 903 5.98044
467 922 3.17808
476 957 6.28991
580 901 9.42234
567 900 9.87868
566 914 6.45076
551 900 8.91236
553 916 7.69085
535 921 10.9304
550 933 5.1724
543 939 5.2971
532 931 2.01884
551 855 28.556
553 874 6.9059
565 871 8.56318
554 886 4.12806
567 886 7.17383
562 926 9.31577
576 938 6.49646
561 938 5.2665
557 946 5.71518
514 919 5.76786
520 932 9.27418
497 924 3.48422
505 934 3.37175
483 929 4.88883
491 939 3.15558
473 933 1.80135
482 943 0.413099
580 869 10.0105
542 882 6.46923
531 896 12.5334
527 877 15.5753
470 937 5.08969
479 947 0.930265
457 961 11.3689
465 973 4.33519
511 887 3.10789
511 902 5.23215
529 850 4.24271
531 827 5.17368
507 846 11.3254
524 792 5.60708
500 813 6.5898
451 892 17.9698
515 686 79.1772
510 641 13.0482
266 601 27.2588
255 569 107.608
463 667 59.0719
501 705 9.80239
509 591 8.56211
455 530 7.41287
412 523 1.94193
365 518 14.0847
320 524 32.5337
323 559 30.0469
282 541 15.7912
290 571 38.0994
405 711 6.34301
391 724 1.71295
370 712 12.5972
408 760 7.77847
374 751 11.1225
344 722 17.647
342 753 7.39955
310 735 39.8445
430 761 9.80454
436 751 15.2195
434 729 3.01067
460 750 44.5396
440 795 10.644
323 792 22.0781
293 770 9.79251
405 802 15.6428
363 803 38.265
326 693 5.36693
402 682 39.3919
445 713 28.9479
461 720 13.4926
424 708 13.5269
433 688 3.50134
387 695 12.2217
356 671 3.57291
364 694 15.8095
344 704 10.7542
471 703 45.8576
494 739 13.8051
515 730 7.75363
335 772 37.9536
508 768 5.47725
462 785 7.23673
470 805 0.34051
490 785 11.9634
442 820 0.0892719
402 830 11.8203
343 831 18.9614
306 810 9.6334
275 785 40.2961
271 748 9.5528
254 748 27.8211
267 721 12.3416
406 781 18.7239
369 781 11.8159
518 1231 21.0487
482 1218 31.8002
480 1234 27.6283
231 751 43.1685
255 801 14.7923
291 829 14.8667
341 871 6.10965
246 704 50.7964
233 688 2.22891
261 690 22.2283
250 665 8.08843
279 681 10.0728
267 641 47.6142
304 662 23.0548
294 626 16.4816
333 644 16.0263
325 614 34.7673
365 640 24.9266
360 609 3.78158
411 656 46.853
401 605 3.52263
367 469 20.8678
317 481 35.708
432 475 2.80396
506 532 6.57113
498 466 4.39719
458 624 0.771142
563 687 14.4042
537 724 3.16985
550 788 1.50393
494 906 5.20333
482 864 2.52635
403 905 0.337289
408 946 16.4695
346 924 4.91384
377 950 9.93689
334 972 16.0253
376 980 2.11347
437 774 10.4913
514 1243 16.5954
547 1246 1.61528
551 1239 42.9926
482 1285 33.9074
512 1258 31.5177
517 1282 18.705
543 1274 8.73381
478 1255 13.1327
449 1223 15.1842
485 1201 6.11218
511 1215 3.85103
533 1223 1.61474
499 887 6.70743
470 918 19.243
484 892 4.92494
479 911 3.89638
567 976 2.46915
574 947 5.50523
578 849 11.8783
212 734 29.0518
216 783 82.2486
218 674 78.5813
200 667 123.325
193 733 18.8686
197 810 38.2622
227 870 44.1882
189 871 200.314
215 911 1.29385
524 759 5.45984
476 834 7.02299
444 853 14.8131
400 865 0.0674776
237 826 36.2975
274 866 40.6856
545 756 5.72109
565 754 5.15021
232 605 108.228
210 602 105.748
243 638 3.29992
243 540 53.4742
277 504 9.20534
564 646 22.0198
564 595 5.94428
556 465 3.25508
549 406 13.6425
491 405 13.5043
428 407 7.10254
367 416 3.29418
317 437 41.5355
273 464 64.8019
225 542 31.1261
242 499 121.423
243 475 0.379937
215 531 97.7343
191 599 28.1351
180 667 110.955
176 731 67.3655
178 800 92.9091
519 1017 7.41574
493 1027 3.67006
496 1050 2.13728
471 1070 0.403134
461 1045 1.84039
377 1038 6.70063
357 1123 7.99987
338 1101 48.1934
365 1193 11.2363
327 1129 3.14164
307 1112 56.3048
311 1149 82.6469
313 1074 42.4814
338 1047 53.1649
356 1071 4.68747
355 1020 16.6984
520 1041 0.544029
568 1039 12.7827
566 1014 15.8891
566 992 3.17304
544 1258 57.2172
448 1249 5.39874
378 1238 22.4759
311 1189 4.51004
320 1224 40.0512
277 1084 34.1266
277 1160 10.572
274 1124 84.1992
262 1032 59.6887
183 959 176.851
177 891 24.569
169 889 52.1279
209 1056 109.576
198 995 50.8448
239 1083 174.252
192 936 143.632
224 1020 59.2763
198 1031 67.3445
225 1110 15.5246
242 1129 60.429
250 1156 37.0645
218 965 53.4197
262 986 32.8325
167 807 20.9598
158 749 131.355
159 819 61.1242
152 783 81.3327
155 829 93.4996
165 908 62.0208
190 1015 66.5339
173 965 52.9397
174 982 40.4263
198 1039 87.2762
164 949 21.9784
322 399 45.8559
278 436 12.9866
283 421 20.989
259 447 46.8982
308 404 20.1945
340 378 61.0674
165 672 113.863
160 676 58.308
292 595 8.63993
323 587 20.7654
359 586 4.84914
553 822 3.71238
574 820 5.87218
569 786 6.23129
172 632 61.5444
201 558 73.1568
182 594 29.929
164 731 189.609
226 497 0.0984771
285 417 0.39154
486 375 16.1015
580 914 7.44235
-1 -1 129.71
257 1172 78.4463
234 1131 6.28914
242 1145 21.9171
266 1188 54.5348
302 1228 27.3008
209 1072 121.387
362 731 7.65027
349 736 23.8252
416 735 14.0505
438 1125 5.65897
541 1168 10.2529
540 1181 11.771
556 1186 14.8862
521 1162 10.9338
520 1175 8.36534
498 1157 4.98022
495 1168 6.5533
473 1149 6.27952
471 1156 14.896
452 1136 3.43459
447 1149 14.2506
453 1103 14.2842
554 1228 13.649
498 1068 1.53121
538 1038 5.62409
474 1097 5.84315
474 1090 14.5257
500 1090 0.497159
499 1082 6.83633
529 1088 0.643689
523 1079 0.207499
548 1089 2.04788
540 1082 5.67552
554 1079 3.789
563 1089 3.45385
566 1078 1.11987
554 1062 0.444073
540 1062 4.47375
538 1204 9.78813
515 1196 11.7603
522 1064 4.96912
489 1185 5.36612
467 1168 22.919
568 1062 2.82638
363 557 18.4627
408 566 14.2602
457 580 5.8127
569 965 2.49388
581 887 9.39381
563 722 3.67821
579 927 6.54862
562 533 2.24242
543 376 2.28973
556 1171 9.77659
557 1209 8.12275
732 1198 127.352
715 1224 131.964
690 1259 36.6716
603 1341 24.9898
586 1350 0.726814
580 1342 68.8234
558 1355 19.6531
561 1357 31.8469
616 1326 15.8144
604 1322 0.661851
-1 -1 0.95323
652 1309 26.1914
650 1306 8.5423
672 1281 21.9821
636 1326 51.4848
616 1339 28.1837
631 1321 11.7712
620 1339 20.1789
594 1351 6.65804
601 1349 14.5088
-1 -1 11.5801
574 1356 11.6755
-1 -1 31.0926
575 1357 43.2719
640 1298 11.8669
663 1274 21.3733
680 1262 2.29087
693 1249 3.15084
568 1358 22.8204
584 1319 4.91866
627 1308 4.04436
708 371 52.0899
714 382 28.8204
674 377 55.0195
824 930 11.7969
782 976 34.9066
798 928 59.2564
658 1254 6.06395
647 1247 42.0853
654 1218 26.2077
657 1183 2.40514
677 1182 9.01181
674 1219 16.3847
621 1289 16.1999
643 1272 2.81347
707 1215 30.4532
717 1180 19.2618
690 1231 31.9611
721 1151 17.3022
705 1165 11.237
775 1032 24.769
759 1011 6.07552
691 1119 22.0706
685 1154 5.78124
692 1175 22.3203
667 1149 10.2492
652 1015 3.51777
665 998 8.38957
676 1042 15.6994
672 1116 3.13103
661 1091 4.55262
670 1067 5.66613
647 1172 2.85167
636 1205 6.44785
635 1187 13.3541
683 1026 2.93766
676 995 1.79392
695 1002 7.44951
628 1003 6.15505
633 982 12.066
664 927 9.18997
658 947 2.79267
651 929 18.3571
678 968 11.1041
667 980 6.28659
581 1039 5.3537
582 1014 9.86746
596 1015 3.78017
582 990 7.31519
602 990 15.5552
581 975 3.47369
590 961 0.902832
683 1090 21.5369
702 1142 12.2887
708 1095 2.99319
693 1060 14.5152
619 945 4.4609
591 949 6.16807
607 939 4.67727
625 935 1.2846
631 937 0.0855947
636 945 0.258795
634 954 3.03571
619 964 1.79186
634 962 1.87205
-1 -1 8.16646
642 882 6.84596
643 883 19.1512
630 871 19.3459
633 867 4.64993
-1 -1 0.556343
647 947 12.4896
622 856 0.739753
650 904 13.5262
-1 -1 2.98352
641 957 0.174774
593 901 5.17973
592 913 3.49667
604 900 6.01003
602 914 5.92352
614 920 11.1487
601 930 4.85722
604 934 4.465
613 929 1.55198
601 856 25.4641
603 875 4.12122
593 872 5.00968
604 888 2.9294
593 888 4.96065
593 925 6.9919
591 936 5.17239
590 942 4.96635
629 920 4.2513
622 931 4.05237
641 924 3.11569
633 933 0.0222164
649 930 4.10163
640 938 1.78265
654 934 4.72867
646 943 0.957134
612 884 3.79371
618 898 10.2659
621 879 12.7783
652 939 7.74545
645 949 5.96926
652 962 11.1245
645 975 8.35238
633 890 1.90859
633 905 4.17692
616 853 5.44068
608 829 8.21727
624 847 16.2258
604 792 6.56797
622 815 10.0898
662 892 9.36679
610 684 62.5793
617 638 30.2379
812 603 72.5514
816 574 16.6383
659 665 41.4405
618 703 9.49136
618 589 13.2357
660 526 8.91685
696 519 9.2035
732 513 12.0928
767 521 15.1188
768 554 7.08431
795 542 45.7219
793 569 29.2012
707 716 2.39915
720 732 5.36374
739 716 18.2974
703 764 37.3069
734 756 17.7284
759 723 40.9589
757 755 44.8311
782 735 24.568
680 764 11.048
673 753 0.234984
676 732 5.51789
651 751 50.6193
671 798 21.4713
771 792 35.287
792 770 1.25572
704 806 9.88058
740 805 22.8384
774 692 43.3717
710 683 31.923
666 714 12.5573
650 720 11.0131
688 712 0.532363
680 687 12.7351
724 699 14.1093
750 669 0.765163
744 695 1.96738
760 703 24.7641
644 701 67.8767
619 737 5.68044
603 728 10.3707
762 772 14.5069
609 768 4.18582
650 787 16.443
644 807 3.6584
625 785 0.638549
670 824 3.77485
706 834 14.1348
757 834 7.38728
785 811 40.7491
807 786 3.78814
808 751 15.2213
821 752 48.7136
814 725 1.68047
704 784 10.1263
737 783 7.63099
582 1233 5.94905
612 1222 18.5593
608 1236 18.0407
836 756 21.0507
821 804 80.8721
797 832 10.3855
758 876 12.0129
828 710 25.35
834 696 16.2873
820 694 10.0223
825 671 8.19032
808 683 23.8834
815 643 7.84022
791 660 30.32
796 623 38.4024
768 640 24.7321
771 608 0.536784
743 636 16.2558
743 601 19.2439
703 654 33.986
711 598 2.40677
726 466 22.4052
766 480 52.9863
673 474 18.4547
615 530 11.7938
612 466 10.5659
666 620 5.74781
587 723 13.2076
586 788 2.24194
645 908 4.35331
638 865 0.42342
704 907 25.3359
697 947 18.4726
753 928 16.2112
726 952 15.7093
759 974 1.61655
724 981 1.08304
675 776 2.26044
580 1243 9.01441
596 1288 45.7014
575 1259 47.2881
566 1283 51.1237
603 1257 52.973
633 1226 7.07491
614 1206 8.03781
592 1219 1.84305
574 1225 6.16255
641 890 7.67563
657 918 11.2174
649 894 8.93595
654 913 0.781599
846 738 20.7375
844 787 59.2193
840 681 32.5612
849 673 55.612
852 737 73.6977
851 813 127.715
837 873 11.9281
849 875 49.5497
839 914 23.5227
598 759 1.7619
641 836 2.80093
668 855 8.89928
708 869 5.76367
833 830 51.2404
808 870 26.3093
583 756 3.45753
832 613 106.467
847 610 26.3992
827 644 31.9258
825 547 21.1539
798 507 4.38821
605 406 37.2406
665 409 26.7304
719 417 27.0479
759 436 23.1702
794 469 34.6792
840 551 9.66189
822 508 65.2219
820 485 90.6573
846 538 85.9988
859 601 88.5028
859 673 98.6639
858 736 206.66
855 805 114.004
609 1018 8.90337
628 1027 5.45249
626 1049 2.39784
642 1070 5.74755
652 1044 9.63806
714 1040 3.3019
717 1124 19.0809
733 1103 13.0544
698 1195 21.0262
736 1131 9.59835
750 1114 5.93401
739 1150 1.60484
754 1077 42.7362
744 1048 18.9313
725 1072 29.0097
735 1020 23.8603
609 1041 1.7546
628 1252 3.21728
678 1242 3.35347
726 1193 88.0844
709 1229 22.7809
772 1087 13.3104
749 1163 27.4951
763 1126 6.19186
792 1036 6.15766
-1 -1 88.6768
-1 -1 11.4086
-1 -1 6.48336
-1 -1 104.258
-1 -1 155.097
789 1085 79.6864
839 939 91.0392
813 1023 51.4496
-1 -1 7.24635
-1 -1 95.9078
771 1130 45.2561
756 1160 98.3133
829 968 73.0545
803 990 25.439
853 812 80.8577
860 761 38.72
848 824 105.754
855 793 44.9847
846 834 74.9536
830 906 171.877
-1 -1 44.8563
813 965 93.6952
804 985 53.4739
-1 -1 153.027
819 946 39.0627
749 402 24.4214
787 440 66.2321
781 424 22.2418
801 450 55.227
758 406 14.6654
732 385 47.0604
869 685 129.623
871 692 134.808
795 593 32.0305
770 581 17.5436
741 576 21.9373
592 822 6.47437
867 636 95.6017
855 555 98.2197
864 587 59.1204
862 741 13.0981
834 505 9.43107
779 421 31.529
602 377 21.271
-1 -1 57.0084
742 1178 28.4536
-1 -1 58.2111
-1 -1 35.5645
-1 -1 17.9198
705 1238 10.1872
-1 -1 48.5094
744 736 5.94336
753 739 19.5097
695 741 20.9212
656 1124 11.8286
572 1168 6.93204
572 1182 17.1012
589 1163 5.95803
590 1177 0.975293
606 1158 4.06795
608 1169 9.10784
625 1147 15.8181
627 1157 7.8733
643 1134 4.6713
646 1150 7.16517
648 1102 2.81567
622 1067 5.07302
594 1039 3.1568
631 1095 4.80581
635 1089 10.1546
612 1090 1.04557
617 1081 6.11386
590 1089 0.113404
599 1080 2.33835
577 1089 5.00684
585 1082 4.63833
576 1079 4.90922
579 1063 0.698693
591 1063 2.32365
574 1206 13.4318
592 1199 1.37441
605 1064 4.67455
612 1188 0.110417
631 1172 3.25947
737 550 1.66177
702 559 2.30897
663 575 4.29284
215 1039 97.9139
808 1041 26.0339
202 922 0.220749
841 925 104.815
196 1011 172.686
-1 -1 52.6828
186 946 10.1902
-1 -1 27.73
249 1054 79.3019
793 1058 133.099
184 768 97.0733
855 771 48.9176
321 1245 115.032
-1 -1 49.7803
233 949 125.362
825 952 37.1076
397 439 16.6832
697 439 1.40576
172 929 120.614
-1 -1 107.692
463 436 21.1495
638 436 9.71158
473 500 7.98837
641 498 3.47965
394 389 3.79459
693 392 21.2043
176 841 92.799
851 846 56.1971
280 1203 23.386
722 1212 48.7696
160 774 77.9934
857 782 110.612
256 898 78.2762
819 902 27.3909
257 1125 140.384
769 1127 15.302
175 643 34.1307
865 648 13.7638
206 979 84.3685
828 982 148.876
184 595 0.331074
863 592 46.8715
205 866 101.16
846 869 167.679
343 405 23.9036
735 406 27.5841
240 1001 82.1424
810 1006 85.0065
262 1160 87.5044
752 1163 80.5989
187 994 135.707
-1 -1 110.55
293 1156 4.01896
744 1159 10.7339
226 1095 137.466
786 1096 144.572
340 449 43.0626
744 447 9.26484
421 1333 7.24782
615 1342 23.8446
167 850 143.259
-1 -1 16.2595
169 767 114.555
858 772 80.2665
309 1223 37.6149
711 1230 39.1891
524 434 3.89389
581 434 0.92896
271 1186 51.5982
736 1191 13.8194
258 499 20.7134
811 506 76.6127
393 495 3.72178
708 492 29.5237
531 499 14.0059
587 498 3.3627
295 470 16.8727
781 471 42.8573
186 698 18.5379
855 703 29.1163
170 699 2.3166
862 707 19.1894
518 386 22.2293
574 387 26.6606
195 634 9.43665
854 640 4.81332
258 466 57.6246
807 473 48.5461
241 1143 66.6373
-1 -1 29.7033
264 443 14.7854
797 448 15.6272
218 822 45.3645
843 826 50.4742
309 896 40.44
782 900 18.9803
161 704 73.4591
867 717 13.4797
296 433 15.2179
774 435 37.7489
358 1279 20.5616
670 1285 23.714
209 1068 58.515
-1 -1 89.9116
506 1300 10.9841
573 1301 3.55562
298 1193 16.0366
728 1197 13.4962
215 636 6.68131
842 644 13.8562
341 498 29.4762
749 494 36.2644
272 953 50.1847
803 957 0.704613
223 711 47.8318
840 717 56.3098
373 891 6.1193
731 894 16.6983
205 701 91.2746
847 707 42.0203
230 510 83.0503
832 519 34.7277
210 567 2.76726
850 575 140.247
535 564 4.64046
590 563 0.0612861
376 1300 8.84426
-1 -1 85.1219
184 1001 35.5999
797 1004 106.208
254 1170 85.1247
-1 -1 58.1651
433 638 19.3858
687 633 6.62002
456 384 17.6595
633 387 6.40081
292 1118 31.5111
756 1120 4.86492
203 764 70.1027
849 768 30.6679
287 1055 71.0829
773 1058 15.7226
512 1330 74.2382
561 1331 63.5376
314 948 36.001
775 952 6.06004
227 571 63.4543
838 580 60.9641
481 559 4.16072
640 555 2.06056
161 860 3.98191
841 863 19.5628
311 849 39.2149
781 854 16.8872
263 830 16.326
816 835 27.6039
298 512 18.7445
783 512 35.6925
537 620 7.40182
592 618 7.18058
298 413 29.6746
768 416 44.1134
263 537 23.912
809 542 61.6508
450 1346 77.8182
-1 -1 41.5641
372 850 30.2637
732 853 4.7359
400 1318 1.41797
635 1327 1.07551
427 919 19.5294
681 918 30.8554
538 666 39.8261
589 665 30.6422
437 1339 8.43727
608 1345 26.4984
464 1349 13.9059
587 1354 59.3166
325 1183 3.94547
722 1185 72.8545
-1 -1 0.892704
-1 -1 7.13591
425 879 20.753
686 881 30.0883
483 610 14.9704
642 606 3.13427
248 603 19.6793
822 608 71.6167
464 861 4.22341
651 862 1.3389
414 1320 44.2654
633 1324 7.3484
379 817 5.84043
726 820 10.849
329 1219 10.7453
709 1223 37.6828
303 693 35.63
791 694 52.454
222 1103 116.096
-1 -1 48.2854
455 1342 26.08
600 1346 9.19195
-1 -1 40.0281
-1 -1 93.0013
295 1000 3.75597
780 1003 42.6447
373 1219 28.2045
685 1222 39.3687
253 772 33.1922
822 775 39.3776
406 1298 6.2515
646 1302 10.325
384 367 0.593505
698 372 27.9046
386 540 7.69181
717 535 1.70598
431 594 13.0728
685 588 4.11061
163 658 60.4378
871 672 5.75898
234 791 27.4466
835 795 79.8388
281 807 0.190055
804 809 33.5536
490 761 10.8586
623 761 3.93144
433 550 13.656
680 545 14.1493
241 471 6.59744
818 479 40.9835
277 707 43.8997
808 710 23.1381
317 1040 9.06216
758 1042 25.6729
492 839 5.2814
630 841 0.215658
541 839 9.86944
604 840 12.3209
342 539 5.93211
752 534 22.3177
334 810 2.11213
763 811 2.3479
272 570 16.3469
804 571 13.2992
481 1352 37.4487
578 1354 35.123
405 975 3.80506
698 975 24.6783
516 819 2.51254
614 821 2.42575
506 789 0.449249
614 790 2.40885
508 1359 72.2906
553 1361 1.26172
463 1268 30.263
613 1271 31.0206
408 1273 24.5757
651 1275 12.0333
378 1278 15.6972
666 1282 0.269288
351 375 55.2188
724 381 3.59467
326 390 15.0512
745 394 13.8448
378 1011 12.8264
717 1011 20.875
463 1332 36.603
602 1334 16.4976
536 773 0.685286
593 774 0.742675
232 650 63.274
833 658 52.286
315 769 24.4966
777 769 23.9794
303 548 65.8141
781 546 14.0008
214 525 56.4537
847 531 10.3073
486 656 45.9754
640 653 38.6687
284 652 41.6767
805 651 6.619
279 615 27.2562
806 615 45.1232
341 1251 7.47053
691 1257 23.6302
299 791 5.90891
789 791 28.6472
540 807 5.13405
597 808 1.31374
347 996 3.57993
745 997 31.1989
382 578 12.1738
722 570 6.29079
562 804 3.48237
580 804 5.95977
383 1191 35.8938
686 1193 11.3145
199 1040 91.7562
-1 -1 44.1308
440 1330 25.7116
616 1333 15.28
165 941 63.1879
822 937 71.2455
351 1203 13.1973
703 1206 26.4546
431 1291 9.58877
633 1293 9.74972
410 1231 3.95587
659 1234 46.9771
423 842 8.35572
687 846 6.41307
500 1358 65.8329
554 1360 74.6968
353 1236 6.64538
692 1240 2.94999
558 771 3.96115
576 770 3.11622
423 812 18.5277
687 816 16.0398
308 605 49.3469
341 598 0.296125
784 600 18.7259
756 590 33.8697
385 932 28.9647
321 1105 49.2776
720 933 16.6389
743 1108 4.89158
240 723 84.5538
565 836 8.13696
831 728 3.69887
586 837 8.99229
275 426 7.97628
787 429 33.7748
473 728 3.7162
639 726 8.70862
155 793 129.073
853 802 136.573
427 697 12.9183
685 698 21.8887
503 983 4.65751
620 984 1.0858
399 1031 16.979
697 1032 11.8372
394 1090 12.2814
694 1091 5.85873
387 1302 3.12115
652 1307 1.15266
485 809 14.1539
632 811 4.43118
341 572 7.74074
754 565 29.3551
336 1074 24.6743
739 1075 20.3922
373 1249 29.1422
678 1253 24.1553
331 713 7.69593
768 713 34.1409
255 635 52.7471
821 639 28.5951
514 1360 62.8549
548 1360 17.5302
530 742 2.59716
592 742 7.17767
496 1270 24.6962
585 1271 14.9591
292 410 69.7209
772 417 15.7987
441 724 32.9208
670 727 17.7
384 625 6.90658
726 619 7.40237
377 1065 25.5497
710 1067 23.7281
493 866 0.687522
634 866 1.75722
469 1303 22.9479
602 1305 6.7787
313 635 40.739
783 631 10.2537
284 745 8.9629
799 746 24.6716
347 788 33.5916
753 789 17.4303
358 957 16.3923
741 959 11.7586
306 577 36.4046
782 574 51.8761
472 887 5.69217
646 886 6.45911
498 1232 12.0539
596 1234 23.4504
487 690 59.869
633 688 43.2225
435 1262 24.7053
635 1265 2.18738
330 1152 2.00197
728 1154 1.46094
352 1172 0.228009
711 1173 9.63816
459 828 12.176
655 831 4.62843
356 1097 28.9126
722 1099 6.69107
273 764 3.33
807 765 7.13522
463 1240 33.4594
618 1242 5.18099
357 1045 12.5237
730 1045 5.38132
451 776 15.0345
660 778 25.015
494 1351 42.1914
571 1352 36.6489
496 1247 9.03381
591 1248 8.68823
377 1158 23.6111
697 1159 5.87238
552 739 0.258282
575 739 2.96037
383 662 6.76272
444 678 69.24
728 660 23.7356
672 677 55.7619
387 792 25.3042
721 795 31.735
345 625 27.433
757 619 30.6733
523 963 3.9997
606 962 1.24625
262 669 35.1409
819 672 19.0352
517 711 21.7449
603 709 18.4907
529 1267 4.87299
557 1268 34.424
341 1126 13.9223
728 1128 38.8366
529 1251 21.8851
562 1251 6.27241
259 731 6.38588
819 736 1.90596
167 964 31.8925
814 964 48.719
355 765 22.8311
748 768 3.18145
242 672 48.1001
829 679 24.5925
450 1069 10.5319
658 1069 4.11228
476 1021 8.70136
640 1022 0.879145
544 705 22.0769
581 705 24.6026
433 947 8.62406
673 947 12.1203
328 667 25.311
773 666 3.63027
408 1165 13.7541
672 1166 1.05527
431 1313 22.9749
628 1315 7.28463
519 1357 41.3551
547 1357 43.1144
511 749 3.27606
605 748 1.78676
533 1241 23.3763
566 1241 39.0615
435 1019 6.74564
669 1020 7.60281
452 705 3.23161
660 705 35.1331
374 1119 29.2764
537 951 6.24396
705 1120 29.7688
601 947 6.60226
455 801 6.05096
657 803 1.94906
521 845 5.31187
617 846 8.61853
462 990 6.98824
648 992 1.20731
542 1288 44.1344
540 1000 5.24081
590 1002 6.64937
516 1350 42.2444
553 1350 74.367
443 1042 12.8297
336 738 33.8182
664 1042 2.61614
763 739 4.96543
416 1065 7.33973
681 1065 3.56094
347 690 27.4325
757 689 21.2526
390 770 16.27
720 773 8.97834
470 1201 9.98108
625 1205 18.9783
495 882 6.14562
641 884 5.35877
507 1008 13.2647
616 1009 6.54188
406 1134 0.377756
679 1135 2.69036
425 1091 25.311
672 1091 10.2192
498 1217 10.0577
601 1221 33.1421
425 986 12.179
679 986 5.64836
496 718 10.9472
619 716 18.856
437 1205 6.98702
646 1208 1.97227
435 1232 19.9944
641 1235 18.6167
405 698 39.3012
707 702 4.61409
501 952 1.50548
627 951 2.70167
390 1244 48.0611
669 1248 18.4785
359 1145 9.88695
712 1147 15.2921
479 1047 2.31826
638 1047 3.71789
530 862 10.5164
617 864 11.4044
465 1219 1.42611
623 1222 16.0379
444 964 15.6942
663 964 4.23933
409 1198 20.4489
666 1199 18.9301
378 685 8.87127
732 686 7.32328
500 1201 5.21901
603 1204 6.04496
488 898 4.53981
649 901 10.4372
423 788 4.14664
688 791 8.35142
397 743 8.89172
713 749 37.2735
569 861 11.7429
588 861 11.2962
355 707 39.4454
751 708 23.5482
559 960 2.93735
581 958 3.27982
448 1311 2.23787
617 1313 12.6091
459 1090 8.99782
647 1089 9.74895
460 945 7.86043
651 946 6.33213
507 1033 2.58383
617 1033 10.7608
475 1184 9.21251
624 1189 8.25058
473 782 14.4006
356 725 7.81087
640 783 2.25269
749 729 0.317218
525 926 7.31868
620 925 5.26129
522 910 6.18524
624 911 4.61401
505 1182 0.278813
601 1183 7.37879
486 1078 1.379
629 1077 0.0708966
420 720 21.304
691 725 23.4133
544 872 11.8508
542 908 10.7707
610 873 7.79811
610 908 9.06228
487 918 2.68876
648 920 4.41668
509 1166 19.5898
597 1168 1.52719
543 978 0.935828
588 977 5.63318
539 1232 4.3967
566 1233 1.06734
254 695 37.2906
823 699 11.9214
442 759 7.20059
669 761 17.2083
557 970 1.14219
577 969 1.63828
434 1160 19.3181
655 1162 12.0946
458 913 10.6299
654 912 2.15287
519 890 5.49016
627 893 4.0737
487 1089 10.7213
624 1087 16.3305
356 743 4.50608
747 747 31.3411
484 1158 7.52525
615 1158 6.69043
511 1073 3.21102
610 1074 0.634401
544 1025 8.49033
588 1026 6.92483
389 709 1.49132
723 714 4.46021
509 1055 4.25046
616 1055 1.59392
558 1001 2.36291
574 1002 5.08472
472 899 7.8887
-1 -1 5.96225
423 752 1.31766
687 756 17.1205
480 1170 11.408
620 1171 5.42522
559 1026 13.2618
574 1027 11.886
513 1083 0.444857
604 1083 0.377776
421 770 31.8594
690 772 3.46212
475 904 9.24304
655 906 8.22701
509 927 3.20354
632 927 1.29568
545 891 6.85971
610 893 5.50481
529 1188 0.0525218
582 1190 5.56155
482 888 9.23389
647 890 7.81666
422 1005 11.5717
680 1006 7.90286
563 951 4.72521
583 949 5.53886
525 1211 14.739
583 1213 0.120777
461 1148 3.18257
635 1147 9.5004
532 1171 14.5677
580 1173 5.50273
546 1218 4.90646
565 1219 20.509
547 945 6.61231
598 940 5.03702
374 729 17.2367
735 734 15.9521
509 859 4.70898
627 860 4.97573
454 1167 14.5459
641 1170 9.60095
494 932 0.16438
641 931 1.25286
529 1027 4.93045
602 1027 5.60391
475 924 7.52027
655 925 11.2209
492 964 4.7753
629 964 5.14493
503 914 3.35743
638 915 3.45662
512 879 9.12457
632 882 7.92759
451 977 2.83422
657 979 8.66026
503 895 3.31403
639 897 5.8592
546 1050 6.23778
587 1051 5.57385
430 1133 8.96074
661 1134 18.8039
570 933 6.48347
585 932 5.35898
445 1183 21.9924
645 1186 6.87758
566 943 5.41232
583 942 5.55026
573 879 9.35601
587 879 6.67432
531 1051 1.41642
600 1052 2.45676
548 1195 13.9599
565 1197 3.00605
558 983 1.02429
574 983 2.69615
467 1096 5.90828
638 1094 1.12757
532 1073 2.11293
594 1073 2.69358
473 946 3.8587
469 911 7.802
646 948 2.81459
-1 -1 4.57441
572 920 6.94657
586 920 5.80343
522 938 5.89559
619 937 3.37893
550 924 7.18925
603 923 6.56436
552 940 4.59462
597 936 5.6295
469 928 9.16104
656 929 11.7392
548 1177 9.4362
564 1178 5.91746
540 932 3.99071
608 929 4.4645
539 1086 3.25833
584 1085 2.85687
466 915 0.9063
-1 -1 3.91006
558 1083 4.84971
571 1083 1.42607
560 879 5.31483
598 881 3.189
478 968 9.60328
638 968 3.48734
561 1050 2.51185
575 1051 0.241693
466 933 12.7853
-1 -1 2.86505
559 908 8.38726
598 907 4.49782
482 937 3.64124
648 937 3.41116
560 893 6.50779
599 895 4.11549
573 894 9.63449
587 894 6.79717
467 959 3.5989
645 960 2.02879
483 955 0.288597
638 955 5.2299
475 941 7.01841
650 942 0.42121
436 1108 33.3631
660 1108 23.0656
547 1072 1.4213
583 1073 1.76252
533 936 6.79599
611 933 4.47234
574 907 9.63337
587 907 5.87508
495 874 0.225475
637 876 10.7586
437 741 2.73433
673 744 14.1605
485 947 1.62358
641 948 0.156227
561 1071 3.5543
573 1071 5.99015
500 942 3.08893
632 941 0.218133
510 938 1.15663
628 936 0.576544
446 1137 9.61729
648 1137 4.8375
472 1343 21.1743
419 1330 4.65156
358 1261 16.327
416 1254 7.80656
390 1170 7.65801
478 998 3.22335
453 934 4.53581
557 866 4.13425
560 919 3.36732
550 880 2.2441
433 510 16.2877
435 990 3.57603
415 675 15.9971
375 698 10.965
521 1224 6.93604
519 858 0.715897
557 933 2.98657
488 943 2.57563
218 756 16.7271
519 772 2.03026
244 854 34.0896
243 570 1.42784
236 525 44.4174
186 827 81.0567
527 1006 3.90925
368 1177 8.41845
315 1130 13.4004
413 1042 19.6739
387 958 12.1218
387 1138 7.84118
299 1092 14.6349
176 913 49.4822
185 900 48.1197
339 1026 49.7433
373 599 27.1858
227 498 43.1944
201 560 15.7341
237 1132 30.881
243 1149 8.24341
404 722 10.8786
488 1063 2.17497
548 1083 4.56522
282 588 15.977
478 1327 16.6715
407 1107 12.3474
533 885 4.95355
456 727 6.95477
329 756 15.895
312 824 0.820305
351 651 0.0855277
514 934 0.130247
499 937 1.07663
227 904 0
273 1016 13.3232
262 1097 27.0584
318 984 19.848
531 1084 1.15416
462 1158 13.3623
591 1345 19.2191
624 1336 8.51911
681 1265 2.69021
650 1257 1.17256
685 1170 38.4072
637 1000 1.13104
655 933 0.31131
599 868 3.24607
596 918 2.08236
606 882 1.49893
677 506 2.00807
670 991 1.71436
698 674 6.93621
736 701 11.9059
583 1227 11.339
622 860 3.79422
595 931 2.32752
642 942 0.314343
843 760 28.2287
603 772 4.56898
829 858 9.06851
825 578 71.475
831 534 42.7387
853 831 39.0663
601 1007 6.35489
699 1179 26.0684
742 1132 16.1934
685 1042 9.42468
716 960 22.7389
693 1139 0.156042
758 1093 36.4086
-1 -1 102.57
-1 -1 34.7163
746 1027 8.10767
732 590 16.6572
835 508 127.719
855 561 24.995
-1 -1 7.36792
-1 -1 52.674
708 729 11.8948
631 1062 3.71249
579 1083 2.22644
800 587 10.8889
591 1329 19.9114
682 1108 12.023
618 887 3.21994
654 728 2.72332
767 756 7.91138
780 827 4.70743
754 649 14.0845
627 933 0.488091
634 936 0.656915
835 907 31.3362
789 1021 26.6656
776 1100 47.1309
767 987 17.4594
591 1084 1.40103
635 1160 2.53793
219 1069 34.3603
203 1026 33.9356
208 1009 18.4037
229 1050 66.6974
-1 -1 78.9313
798 1070 52.7338
803 1052 90.6312
820 1011 16.6516
203 951 12.974
190 907 17.7568
201 893 62.4587
216 938 67.563
845 910 91.351
836 954 37.0375
835 941 1.65676
846 896 35.0903
189 978 111.074
203 1043 30.3503
191 1000 118.369
-1 -1 112.294
-1 -1 112.568
-1 -1 54.1067
180 928 60.677
184 919 86.7889
194 965 88.0745
-1 -1 89.2361
-1 -1 9.00924
-1 -1 83.4892
255 1081 9.61421
242 1027 58.9811
268 1057 40.7419
784 1083 8.2929
783 1061 11.1435
804 1031 81.2338
184 732 34.401
193 768 70.3776
185 801 80.8357
176 766 68.2841
853 772 48.7909
855 736 0.083793
858 769 20.3734
855 804 76.1227
326 1253 90.1337
300 1226 107.565
316 1237 60.2447
342 1265 48.8427
-1 -1 18.0277
-1 -1 53.498
680 1273 20.3881
701 1244 17.5641
237 977 55.262
228 924 47.8144
252 955 42.548
818 981 38.1618
815 959 17.1066
833 927 47.6964
429 437 28.902
396 469 45.4246
366 442 6.04561
396 409 8.68812
701 467 0.850797
669 438 37.4645
694 411 24.7986
723 440 8.96352
167 897 20.1256
175 922 93.5374
179 961 79.7201
168 936 43.8976
-1 -1 103.233
-1 -1 12.508
822 933 11.2096
-1 -1 69.9325
495 433 2.18239
467 469 1.96713
460 404 17.8162
642 468 0.509889
609 433 7.54672
634 406 6.84677
503 500 6.63067
479 531 1.98937
448 503 1.16059
615 498 0.534323
663 501 15.8564
640 528 7.99677
391 371 14.9103
424 383 4.2776
368 394 21.5419
664 387 23.0907
694 375 4.87452
716 395 4.55831
170 847 65.2213
171 803 3.37714
181 835 12.9443
180 876 74.0961
855 809 95.8192
-1 -1 117.685
-1 -1 73.6978
853 839 68.7209
282 1209 14.5293
263 1184 47.0392
276 1197 62.1177
734 1193 83.3969
718 1218 35.5195
728 1204 7.49644
162 811 26.6793
157 781 87.3296
160 735 122.225
163 767 59.6547
854 790 12.0857
-1 -1 67.1121
858 774 83.2032
862 747 20.2843
262 927 57.6664
237 901 17.4058
248 872 31.135
279 896 4.49181
831 903 1.37173
813 930 5.08681
804 900 29.9445
826 876 22.5365
258 1144 23.2587
238 1109 53.9993
256 1107 80.252
274 1142 62.1153
781 1110 23.8056
761 1147 0.310342
757 1144 5.76957
776 1109 23.6995
184 635 9.05497
171 669 128.168
166 651 36.6993
179 616 4.61276
865 677 77.9215
860 640 102.39
864 618 97.6692
870 660 11.363
220 992 56.3032
822 996 22.4255
177 608 42.3526
189 580 11.9846
193 577 88.7628
861 572 5.39544
865 604 5.9518
860 575 32.0614
217 889 28.3938
193 844 91.3318
210 842 76.3274
842 891 16.3189
846 845 12.3662
852 847 89.1736
346 386 46.6323
341 425 44.8974
318 416 2.7775
731 389 40.3705
756 417 40.3895
740 423 13.0002
259 1010 9.55865
799 1014 21.7539
266 1175 37.0836
246 1145 40.7411
280 1178 51.2196
763 1148 64.1461
745 1179 61.7194
741 1182 46.0056
194 1022 52.5695
184 996 51.7119
-1 -1 6.02795
-1 -1 46.4824
310 1171 43.8768
295 1176 25.8861
292 1137 13.2961
737 1180 7.04362
733 1172 16.2054
751 1139 43.5292
231 1118 2.48532
216 1084 68.0288
-1 -1 11.574
777 1119 24.622
340 474 8.04676
315 458 8.71712
748 471 19.2067
764 456 12.2942
409 1327 41.8911
429 1337 0.0483074
434 1340 25.2212
415 1329 0.580069
612 1345 11.5052
626 1335 24.8653
-1 -1 7.91248
604 1348 2.79565
172 886 81.0001
162 854 61.8728
-1 -1 64.1286
-1 -1 48.5351
168 730 91.7094
860 738 97.4185
290 1207 82.854
303 1210 32.0999
326 1240 19.9024
723 1213 57.6641
699 1246 22.9181
720 1215 114.344
553 433 8.07175
528 465 16.65
521 403 36.6084
584 465 9.97694
577 405 12.91
253 1165 49.8598
-1 -1 10.3958
274 482 80.1532
259 519 23.3812
244 515 30.5942
256 479 8.58858
812 525 46.6134
798 487 46.4104
810 488 27.386
824 522 64.5692
417 501 8.33608
388 519 14.8395
366 495 9.17468
689 497 14.6995
730 490 0.374395
714 514 24.1799
560 499 12.7889
534 533 0.591325
589 533 7.74793
295 491 46.0576
293 449 15.0285
783 492 10.7532
778 450 14.6532
190 666 57.4861
195 699 34.8602
177 697 23.3213
851 704 32.4969
854 672 9.20577
859 703 97.1933
164 699 26.9274
866 711 27.0347
489 382 5.07951
516 373 15.5117
546 384 4.17434
601 384 17.2281
572 373 15.6875
200 600 12.8031
205 634 27.9885
849 642 56.3851
854 607 22.5743
275 447 24.3178
242 486 72.6485
260 453 67.8285
792 452 41.6772
805 460 34.0806
822 496 17.9973
236 1136 74.5511
243 1149 40.5929
230 1123 22.2749
-1 -1 10.6301
-1 -1 39.0519
-1 -1 7.76755
251 457 42.0624
270 433 70.535
281 426 0.390496
791 434 32.1019
810 465 63.4056
783 429 23.6021
207 795 38.6619
224 806 54.233
230 843 11.4779
848 798 7.92553
837 847 15.6112
840 810 43.3047
341 895 6.31997
312 923 22.2577
308 871 29.7566
779 927 49.6947
757 899 13.9013
784 876 15.406
159 707 157.157
161 672 89.7608
871 690 34.2517
868 721 86.9094
298 418 8.20382
770 420 26.1307
367 1292 31.9371
349 1267 13.6222
372 1291 22.9513
660 1299 19.6405
661 1297 4.73624
680 1273 0.868519
216 1090 44.7247
204 1055 35.2123
-1 -1 62.5895
-1 -1 26.1106
511 1316 46.3578
485 1302 3.69273
499 1285 24.0662
526 1296 35.7551
591 1304 20.2885
566 1317 46.7989
556 1297 35.3539
581 1286 6.80607
314 1208 64.7474
718 1212 7.39416
220 603 33.9528
224 640 80.6386
209 669 29.0617
841 611 46.1243
844 676 18.4285
837 649 27.4804
341 520 14.9104
318 503 13.2691
768 501 47.6427
751 515 14.3199
291 950 34.6182
281 979 43.7948
791 953 27.419
792 983 40.7982
220 738 2.22357
214 705 122.241
226 680 60.7772
231 718 5.46664
843 710 38.9655
842 743 47.0854
836 724 59.6631
837 688 73.7551
372 869 8.77914
401 885 21.5982
377 913 1.90223
732 873 5.8976
728 915 1.2817
707 888 14.6162
202 732 51.1317
849 737 47.4062
232 518 4.5615
219 536 20.3412
227 503 91.9809
832 527 26.9699
834 511 76.0429
844 546 41.7753
217 570 48.7544
203 563 15.3128
846 579 22.8776
855 567 62.944
536 595 6.45951
508 564 8.55952
563 566 6.8762
616 561 5.77791
592 593 3.44363
374 1299 34.1739
388 1310 10.2472
-1 -1 1.68245
-1 -1 41.5576
185 1008 72.9853
173 977 37.9832
193 1025 39.8689
807 979 41.3606
-1 -1 18.1831
-1 -1 47.8077
252 1167 22.3967
248 1160 28.4363
-1 -1 6.72707
-1 -1 62.8823
430 614 2.58247
460 648 4.69615
438 661 6.8015
406 628 11.6015
665 644 0.836893
689 609 0.38728
708 624 2.54409
681 658 6.66548
452 372 16.1956
633 374 27.7854
306 1128 7.7033
275 1106 35.116
294 1102 18.0824
746 1130 12.1429
759 1104 5.78129
767 1108 16.1576
211 760 73.8173
847 764 55.653
303 1050 78.3348
294 1078 7.47323
280 1034 29.9621
764 1079 24.0838
764 1053 13.6048
782 1037 32.8569
538 1331 16.4706
512 1343 42.9155
490 1331 21.14
580 1332 17.6068
559 1343 38.6334
337 950 25.1083
316 969 29.7056
772 972 25.8811
759 953 10.1367
232 543 55.9965
235 571 57.6485
831 579 74.9452
836 552 41.9664
483 587 1.6394
457 555 0.276439
662 551 14.4806
642 583 4.67661
156 824 46.9047
158 866 81.456
848 829 25.915
-1 -1 34.4267
314 834 1.67071
342 850 23.2685
283 844 25.4087
757 855 14.1894
779 838 3.2089
802 849 31.9685
245 813 24.4513
271 817 13.8545
252 844 20.6301
811 821 2.46766
828 817 15.7108
824 849 1.36683
300 531 49.644
279 523 43.0967
797 525 14.7434
782 530 70.106
536 646 2.13641
509 618 17.5273
565 623 3.32269
619 615 0.367419
592 644 10.3994
296 409 56.6279
316 399 64.5518
769 414 19.1639
753 401 6.0365
267 554 29.6474
250 554 72.3796
820 560 57.3582
807 557 11.7801
470 1353 47.7278
447 1345 9.37545
454 1347 17.2989
-1 -1 13.8145
-1 -1 21.1784
591 1353 11.4157
375 832 18.4446
400 847 23.983
708 851 13.15
729 836 5.22311
393 1312 29.5732
411 1326 21.404
628 1334 2.84117
643 1319 11.1446
406 926 12.4973
427 899 13.63
446 913 8.21662
429 935 20.1315
683 899 1.99916
701 926 0.495873
678 934 19.5371
664 911 5.12264
539 687 9.71646
512 663 3.28998
564 668 3.76355
616 661 15.1409
587 687 23.8855
427 1335 11.1064
445 1341 7.99084
448 1344 31.132
606 1346 8.63138
617 1341 5.61204
599 1350 7.18541
472 1351 4.17343
483 1355 28.1893
583 1355 27.6981
573 1358 31.161
326 1166 61.4296
338 1195 6.95513
326 1203 68.6515
713 1197 84.9051
727 1168 6.17774
716 1205 30.4068
-1 -1 30.146
-1 -1 19.5173
227 1115 61.5942
-1 -1 15.1644
-1 -1 72.1509
-1 -1 37.2247
424 860 14.6406
447 871 10.0072
687 863 5.33419
665 872 6.27113
484 634 2.85306
457 603 1.3918
666 598 3.42049
643 630 0.292154
252 618 16.3757
238 623 13.2457
244 586 104.189
260 585 10.1248
829 630 32.8029
821 622 60.0161
814 589 22.1989
824 592 60.2892
462 844 1.8269
479 850 3.37362
468 876 1.26485
653 846 5.19172
648 876 7.00057
639 851 4.74196
418 1328 34.1786
400 1312 30.1242
409 1312 1.74254
427 1327 3.59712
642 1318 7.04346
627 1333 3.45233
624 1331 17.2661
640 1315 4.51558
355 816 5.13191
385 804 9.92709
403 816 22.7586
722 807 5.30852
746 818 20.4566
704 819 22.4042
334 1236 78.4535
342 1229 28.0713
700 1241 27.2938
700 1233 12.9826
314 680 3.04215
316 710 3.56977
291 706 2.05534
290 672 19.2695
779 710 54.6213
783 679 21.5566
801 673 4.12512
799 707 28.7291
214 1085 38.2664
-1 -1 43.5294
446 1338 6.8838
464 1344 7.69948
466 1347 23.8494
596 1346 9.81228
609 1341 5.97789
591 1351 3.76176
-1 -1 43.7349
203 1057 7.24934
-1 -1 0.76844
-1 -1 61.8008
309 992 30.0293
308 1020 22.7987
281 1008 28.1064
768 1022 35.563
772 995 5.95745
787 1012 5.36434
383 1229 22.1359
371 1233 28.5382
362 1211 3.62049
377 1204 2.77411
683 1237 41.4676
677 1233 12.1222
687 1207 5.62846
695 1214 22.8211
243 749 4.08095
263 768 58.6198
265 792 16.1273
241 779 17.3121
815 771 8.35832
829 753 51.5728
830 783 38.9819
814 794 18.6103
405 1286 0.275344
419 1308 32.1799
392 1288 0.806341
636 1311 4.34902
651 1289 8.10044
656 1293 47.9621
391 363 14.4802
369 366 0
710 372 29.2094
691 369 12.6484
363 538 6.16687
410 545 0.627275
384 560 14.6507
735 532 6.61991
720 552 10.9699
698 540 19.0581
406 586 0.107528
433 573 12.4263
683 567 11.1671
705 578 8.49392
164 654 13.4555
872 666 33.2377
223 770 21.1313
841 775 28.8219
289 800 12.2651
297 819 1.06116
797 800 2.73339
792 821 13.1103
481 745 4.38282
502 754 2.79674
500 775 1.44121
480 769 13.3841
612 753 2.45347
631 744 17.8917
632 770 12.5464
616 776 4.29123
433 528 15.5485
679 524 17.3606
241 470 17.2129
233 482 44.2993
827 493 79.7112
817 477 34.7097
284 729 45.1898
263 704 19.9811
267 687 11.1665
818 707 48.1174
801 731 28.3879
816 690 12.6858
326 1059 40.6942
330 1031 1.77871
749 1061 25.254
752 1032 34.804
489 823 6.89654
505 829 0.561309
494 854 2.64777
630 826 10.0465
631 855 4.81675
622 831 4.79895
539 851 3.67015
531 840 2.47567
542 824 2.24435
553 838 4.46924
611 842 5.11822
609 853 4.27585
596 839 4.23228
600 825 2.63709
321 543 18.6686
342 556 8.66987
767 538 26.3602
753 550 5.156
316 802 3.45662
342 800 2.80867
324 820 18.3389
757 801 15.7466
777 803 9.36066
771 823 1.74635
286 557 35.7235
277 581 74.4125
803 582 56.9977
794 556 33.9881
488 1352 8.79304
498 1357 23.1542
574 1354 13.5789
564 1358 22.0815
391 992 0.412453
394 965 21.2904
419 959 6.49334
416 984 18.284
709 966 10.4317
709 992 7.89152
687 983 16.3642
686 959 7.51055
512 803 2.50509
528 811 0.49901
520 834 0.95346
606 812 4.98573
613 804 3.3712
615 836 4.87488
496 798 2.86173
515 779 0.0152047
622 800 4.11178
607 780 1.34429
531 1362 42.3031
503 1359 2.52082
511 1360 9.68062
-1 -1 2.22854
551 1361 29.8473
448 1266 1.57023
463 1253 7.73884
479 1269 34.991
464 1286 16.3813
616 1254 7.72422
625 1269 26.4454
609 1288 12.5197
600 1271 1.69368
419 1283 5.20761
397 1260 38.006
412 1262 33.2228
642 1286 1.77558
651 1265 27.2664
661 1263 15.5619
376 1265 1.26266
381 1291 24.3601
366 1270 15.0159
672 1269 43.8311
675 1274 26.2993
660 1296 3.67331
355 368 12.3825
336 381 34.072
720 375 14.4936
736 387 37.935
327 387 29.3508
743 393 17.1045
367 1029 11.533
364 1002 15.2944
389 1021 14.2063
731 1002 11.0954
724 1029 14.0014
706 1022 6.24592
469 1340 2.3619
451 1333 6.29448
454 1323 12.6746
472 1332 14.8274
609 1335 0.51866
594 1342 12.9585
595 1333 17.2591
610 1325 9.87406
534 757 3.3491
548 772 3.45323
538 790 3.00136
526 774 6.28096
585 771 2.47477
591 757 0.768385
599 774 8.10102
595 790 0.618479
236 660 48.9278
831 669 13.8096
307 782 0.678825
301 757 34.2687
322 760 11.0226
329 782 17.8934
787 756 50.6264
782 781 5.27228
766 782 17.1639
772 759 38.5407
305 564 38.1757
781 559 19.3327
208 541 48.2805
214 524 18.0734
219 511 3.21337
843 519 67.7079
847 529 20.1818
852 545 46.2451
488 676 7.90057
637 673 13.1331
279 632 20.7027
297 642 17.7979
270 659 3.82561
796 640 42.4921
807 632 4.78361
814 662 22.6007
279 599 37.7553
292 609 20.9231
266 622 9.24202
797 607 28.4437
804 599 23.208
815 624 82.957
352 1260 21.2101
684 1265 2.50987
285 779 2.76955
799 779 24.3538
552 805 2.04201
589 805 0.502091
341 1014 10.8085
331 991 12.142
353 977 20.4615
758 993 15.8682
747 1014 10.3403
743 978 1.74359
361 573 10.1186
378 591 3.12915
739 564 14.3571
727 582 10.4973
571 803 1.46441
564 821 3.05692
560 787 1.41723
583 821 2.20041
578 786 0.55872
373 1185 6.58539
387 1180 18.0038
395 1196 37.5677
685 1180 14.8271
694 1185 7.34548
676 1198 7.56126
434 1324 7.31153
623 1326 23.4625
165 954 16.9212
163 932 27.8199
824 927 2.46402
818 951 23.442
351 1220 6.06382
351 1187 4.511
699 1224 13.4219
708 1189 25.4235
441 1300 14.5009
429 1303 12.4979
434 1277 31.4043
632 1305 12.8684
625 1301 15.9979
634 1280 4.41223
422 1229 2.23405
413 1245 29.1025
398 1235 0.363103
408 1215 11.4983
654 1247 17.6318
651 1232 26.6196
664 1217 3.72308
666 1239 11.0903
424 826 4.11989
443 836 6.42404
669 839 1.32537
687 830 10.1601
530 1362 17.2376
498 1359 66.6826
553 1360 45.1746
355 1252 72.2683
362 1244 21.4988
687 1255 24.3916
685 1247 23.197
556 754 0.639653
568 769 0.177219
575 754 2.99616
424 799 11.2107
441 807 13.1359
686 803 0.553797
670 810 11.3434
307 590 51.3468
323 600 27.6825
309 620 11.8532
341 585 11.8245
358 596 44.3193
342 610 2.31255
771 593 10.784
783 586 47.7943
785 615 6.48097
743 587 9.72473
756 576 3.19754
758 602 30.7936
366 941 1.13041
390 947 14.1409
318 1119 8.5601
311 1096 27.2477
327 1089 26.8975
332 1116 14.3716
736 943 13.1511
715 948 14.6951
751 1098 28.7903
742 1122 13.1919
736 1118 20.0939
743 1091 25.484
238 695 5.91258
248 726 29.4126
566 850 3.89333
575 835 2.62005
832 703 17.4271
826 732 12.2332
588 850 4.11121
285 417 101.792
271 430 48.2097
-1 -1 38.4263
779 421 7.56747
463 732 14.1983
465 713 2.36661
485 721 5.73651
648 713 12.853
647 732 7.07031
629 719 13.476
153 769 7.71834
152 800 69.9116
858 780 42.3712
852 809 33.956
419 684 5.97341
439 700 16.7155
435 710 10.3536
415 695 2.25565
672 701 1.79162
694 685 3.88545
698 698 9.42912
676 712 1.00068
507 995 0.0240138
490 990 4.65928
496 972 2.1224
515 974 3.10946
629 992 5.59089
616 996 3.11173
611 974 2.39983
624 972 0.660845
410 1016 4.58412
406 1039 9.60375
388 1048 5.19438
690 1040 8.81244
689 1017 6.34545
704 1051 15.0382
404 1076 10.5846
400 1101 1.88198
384 1105 1.61186
386 1077 6.62949
688 1102 19.8841
688 1077 7.29733
702 1079 6.09936
700 1107 2.53286
481 795 3.71094
474 819 2.8091
633 796 1.49772
642 821 1.35989
323 573 7.653
769 567 18.9981
347 1059 3.70581
347 1086 7.16259
730 1088 31.5719
735 1060 2.74309
382 1251 22.2813
672 1255 4.97821
336 701 37.8987
343 712 18.5881
329 729 24.2126
765 699 17.0578
768 728 2.97104
760 712 9.91982
256 651 24.8644
245 651 25.1553
826 657 11.5936
822 655 6.40112
532 1361 12.8146
517 1359 19.328
547 1359 4.47778
525 726 3.95139
541 740 1.0486
521 745 5.79653
584 739 3.62764
595 725 3.12555
598 744 2.15309
495 1257 27.7664
513 1269 22.6349
589 1258 16.9333
571 1270 18.2285
297 408 34.2351
768 414 21.3455
452 728 1.28334
444 736 1.80148
430 720 17.8298
659 730 1.75261
680 724 2.86936
665 739 3.70216
385 645 17.4068
363 623 20.0296
379 607 20.0623
726 641 10.5179
729 599 7.06441
743 616 0.140379
366 1082 20.0243
367 1055 21.4197
720 1056 11.8205
717 1084 5.0473
483 875 7.18417
502 860 3.60421
492 872 3.56679
640 875 7.38288
637 873 4.13902
629 860 0.338008
473 1318 5.71221
456 1306 33.0652
597 1320 4.90117
612 1308 14.8875
328 629 13.9148
318 652 26.9112
781 649 29.7897
771 623 7.39871
270 738 21.5411
281 758 32.1179
810 741 35.9247
801 759 31.2075
367 792 13.4033
351 778 1.88779
738 794 0.394711
751 780 15.1606
375 962 15.9415
727 963 16.6881
292 582 42.7785
793 580 71.3317
473 893 3.57631
463 899 4.4323
651 898 0.199894
647 894 9.31528
481 1226 24.5025
499 1226 5.74305
516 1237 20.6388
496 1239 21.0777
598 1228 21.8839
610 1229 6.78675
595 1240 16.9466
582 1238 6.18365
505 698 11.3926
489 703 2.76345
466 684 8.81513
615 695 12.5697
653 682 12.529
628 701 5.90667
423 1257 2.57194
435 1246 30.192
645 1260 5.85126
639 1249 14.464
335 1140 4.78035
341 1163 1.16499
321 1140 58.4878
720 1165 10.8924
729 1142 56.2179
736 1143 22.6478
354 1159 30.5987
361 1177 31.4218
713 1160 36.398
704 1178 10.4654
458 813 3.65289
655 816 11.9412
348 1112 28.9687
365 1108 36.6819
725 1114 21.4153
713 1110 1.78839
263 748 39.787
814 752 21.6312
479 1243 16.9645
448 1234 15.9228
463 1228 11.583
606 1245 15.5584
621 1231 16.8375
631 1238 22.1806
347 1035 3.96317
739 1035 14.2741
439 783 2.86061
449 765 1.22229
464 773 2.58759
454 789 8.89272
661 767 21.2609
672 786 11.4699
658 791 3.63525
648 774 6.54348
481 1346 4.80643
501 1350 16.596
506 1355 7.51118
567 1351 17.9086
583 1348 8.48763
560 1356 12.1798
512 1249 6.62996
577 1249 0.591032
368 1153 32.8829
383 1147 11.0133
384 1165 11.0083
371 1169 20.6872
694 1149 2.24147
704 1154 44.6729
698 1170 14.8391
690 1164 5.8412
549 723 5.92383
564 738 10.0931
577 722 6.21066
380 674 3.05156
363 656 9.59805
403 668 4.36332
425 674 15.477
450 693 15.1791
744 654 21.4434
730 674 14.9994
710 667 18.265
689 672 13.4007
664 692 0.453292
388 782 12.8669
406 791 13.3415
721 785 6.30519
703 795 12.0739
348 639 9.1145
757 636 9.40569
512 955 2.3772
531 954 0.910536
534 973 1.78137
603 952 0.139593
617 954 1.11853
596 971 1.92984
254 679 18.3996
824 683 2.19219
508 715 12.8148
528 707 16.6759
610 713 7.26009
595 705 1.47205
532 1278 16.6756
528 1258 20.6195
544 1266 15.6298
552 1278 16.1077
560 1258 18.8879
350 1137 6.47673
720 1138 41.455
545 1251 1.22626
530 1245 22.1486
564 1246 19.9411
255 713 34.7
822 718 64.792
166 963 20.0167
814 963 10.5241
372 768 9.53178
339 764 21.1739
356 755 10.4132
736 771 22.7879
747 758 14.7677
759 765 12.2375
246 683 17.5425
828 689 4.3171
454 1082 0.559133
436 1080 10.7269
445 1056 2.05285
464 1058 1.66222
667 1080 8.91642
653 1081 1.34988
649 1058 3.14083
662 1055 9.9927
477 1035 11.2482
459 1030 1.60302
476 1008 2.60055
492 1013 0.578388
652 1031 6.44612
640 1035 3.94165
628 1016 1.79886
639 1010 4.40853
563 706 11.2061
440 956 1.56915
446 938 0.316093
667 956 6.51384
661 937 7.113
342 658 5.19928
338 680 0.1998
764 679 1.0046
762 656 29.2202
407 1149 11.1827
422 1163 5.56885
410 1181 22.4177
397 1167 11.0226
663 1165 7.57161
676 1151 28.9303
680 1167 13.5437
668 1182 10.965
440 1315 3.55218
622 1317 24.4523
520 1355 13.8105
534 1358 15.6519
549 1355 12.9284
516 762 1.16583
505 734 6.31638
603 762 1.29883
610 732 4.41616
549 1243 19.2781
535 1237 11.9969
567 1238 19.9399
449 1005 2.8852
440 1030 10.2159
422 1032 17.4187
428 1011 6.67171
666 1030 1.81642
659 1006 12.5623
675 1012 5.29186
679 1033 3.38491
454 716 7.62228
656 717 3.01999
382 1130 10.1676
365 1132 29.7608
549 956 0.673746
528 943 1.05264
543 947 2.06989
698 1130 5.66642
709 1134 15.7894
590 953 2.2117
599 943 2.08474
612 941 1.04409
467 793 4.71727
646 794 7.7369
522 852 0.296506
514 852 3.87355
623 853 1.95334
619 854 0.935443
455 984 3.81667
473 978 3.02521
471 995 4.89791
640 980 5.6069
653 986 4.36971
642 997 7.72453
539 989 2.09605
549 1001 0.37566
542 1012 2.55894
532 1001 2.53732
583 1002 3.43357
591 989 2.39611
597 1003 1.13407
589 1014 1.64213
535 1351 26.8363
428 1055 1.18464
345 744 10.9193
329 748 22.246
346 730 14.5344
674 1054 0.590706
768 748 13.2153
755 747 0.111771
756 733 20.9461
420 1079 5.60715
413 1052 28.5739
677 1079 2.9096
684 1053 8.57501
352 698 15.8025
361 684 37.1377
754 698 23.8993
746 683 17.0888
392 757 2.49952
407 772 1.51158
718 762 8.32789
705 775 2.15961
457 1192 6.03579
472 1193 8.32358
483 1210 9.70475
467 1210 0.271845
625 1197 8.49781
636 1196 1.42292
625 1213 10.2929
614 1214 2.22805
487 885 3.56778
498 876 1.43768
504 878 2.40562
491 889 1.12387
638 878 2.29446
645 887 1.96128
646 892 4.52966
636 881 0.621237
520 1005 1.97228
507 1020 0.114773
607 1006 0.0891814
617 1021 4.42325
395 1136 7.4937
406 1119 13.6221
419 1132 25.0055
681 1119 15.6824
688 1136 15.7499
670 1133 22.8904
429 1102 22.5134
414 1101 4.23165
667 1102 5.52253
678 1102 9.66448
498 1209 16.9778
512 1223 9.28224
603 1213 13.7993
589 1226 13.7028
434 975 4.37224
432 988 1.33749
420 997 8.00638
672 975 10.0999
683 998 10.6793
673 989 8.06413
435 1217 17.2821
423 1199 0.571839
440 1192 8.62463
450 1211 4.73961
656 1201 18.3708
644 1221 19.7446
635 1214 4.79606
647 1195 7.14701
393 689 0.73204
414 708 5.37484
397 701 15.9028
718 691 17.9747
715 706 2.24445
698 713 24.1804
491 948 2.65826
502 946 2.14518
497 957 1.5911
628 944 2.13762
634 949 2.54616
627 957 0.22232
493 1039 1.46999
483 1058 1.25716
635 1058 6.53203
627 1039 2.47924
520 871 5.48266
522 859 3.17094
538 866 4.65103
622 862 0.628608
625 874 6.0903
612 868 3.56888
454 953 0.967101
448 970 8.83842
659 971 1.0759
655 955 6.41347
377 691 23.9319
734 693 4.96262
513 1206 6.6464
487 1193 7.91167
502 1192 11.0756
592 1210 7.5557
602 1194 5.58637
614 1197 3.99193
495 896 0.136826
486 908 2.0609
480 901 3.75204
651 910 4.08315
644 898 1.95679
653 903 5.92869
423 779 8.57382
688 782 10.9136
384 736 10.3204
402 730 15.5722
411 748 5.76126
726 743 25.5792
700 753 10.7126
710 738 2.84499
579 860 3.78457
572 870 3.68277
561 863 3.34851
587 870 2.86744
595 864 3.64158
367 701 28.8399
356 716 2.12573
750 718 8.3798
743 704 3.31069
561 956 3.46039
570 960 2.33927
557 964 0.944192
582 953 2.2249
580 963 1.97138
463 1096 9.53045
446 1099 5.70812
472 1083 1.43363
655 1098 3.04131
643 1094 0.647648
639 1083 3.4742
457 938 5.48011
464 938 0.358193
464 952 4.805
652 938 8.76434
647 953 4.29047
649 939 1.29611
519 1029 2.21634
508 1045 2.51339
617 1045 2.19918
609 1029 1.76303
463 1175 3.73215
477 1177 5.54394
622 1180 3.38884
633 1180 1.97943
366 723 9.94838
356 733 3.38172
748 738 23.8222
742 728 1.44774
516 926 1.46846
523 919 2.32952
532 928 1.36799
527 931 2.0819
623 919 1.83193
626 926 1.43354
617 930 1.46344
614 926 0.927057
520 899 2.55694
531 908 2.89224
512 912 1.69525
617 910 2.71986
626 902 1.60894
632 914 1.51051
492 1177 4.27645
507 1172 10.5979
518 1185 3.843
599 1173 4.81298
610 1178 5.75986
591 1187 0.432652
486 1070 2.19219
499 1075 5.23884
486 1086 2.69541
631 1070 1.15296
626 1084 5.0957
620 1075 2.16074
427 731 13.8422
412 721 4.01028
700 727 4.83934
683 736 2.59548
548 877 2.50349
536 879 3.70834
552 866 3.34852
542 899 4.06662
551 908 3.53621
545 918 3.72024
615 880 2.67721
608 878 1.45421
603 867 2.49598
604 907 2.62132
611 900 3.09529
608 916 3.57226
480 921 4.06929
494 916 0.0734424
489 926 0.904424
654 923 2.99954
646 927 0.716118
644 917 0.234926
496 1162 11.9775
511 1160 7.18099
522 1168 11.6315
606 1163 0.617601
588 1170 0.740907
596 1161 2.8361
549 971 0.730684
550 981 2.6547
582 981 3.4181
584 970 3.17709
528 1230 8.09621
543 1227 9.94617
553 1234 14.1862
576 1231 8.87292
565 1228 8.32904
434 756 4.21609
445 750 8.41761
434 767 7.83293
664 752 27.7639
676 759 9.33377
677 769 0.756816
558 976 1.30829
567 970 1.88061
575 976 1.60282
437 1173 22.3577
432 1146 4.77746
445 1161 2.77518
652 1175 14.6272
648 1163 3.57783
658 1148 11.6957
464 915 9.5577
456 925 8.48782
654 924 2.13901
651 916 6.62461
517 883 3.0061
527 887 2.05683
510 893 1.8042
621 889 1.7583
628 885 2.01667
634 895 0.735303
500 1086 11.5939
486 1093 19.0653
475 1094 11.4252
622 1091 4.38973
614 1085 3.49062
632 1091 6.4615
366 738 4.05956
740 744 12.6196
482 1162 8.81814
472 1152 2.37819
485 1153 18.7349
625 1152 0.173545
618 1163 1.13812
615 1152 7.0782
510 1065 3.80056
522 1073 0.979339
512 1080 4.0621
614 1065 5.14847
607 1080 5.13104
602 1073 0.495271
551 1026 3.97557
545 1038 2.50751
537 1025 3.39372
581 1027 3.44635
595 1026 3.38495
588 1039 2.18394
397 715 7.00681
381 717 0.809839
381 702 33.8412
730 723 6.54918
715 721 11.4867
731 705 7.69381
498 1059 1.02661
521 1053 1.65153
624 1059 0.651148
607 1053 3.31584
558 1013 5.29426
557 991 0.668502
566 1002 4.13667
575 1014 0.334154
574 991 1.94489
468 906 5.71156
477 892 1.25065
470 904 1.66982
-1 -1 6.04945
-1 -1 4.42823
-1 -1 1.90722
429 745 4.56394
421 762 1.59542
681 748 17.3212
690 764 1.45821
470 1163 7.89203
629 1165 0.620441
560 1039 3.21477
567 1027 4.80315
575 1040 3.03776
524 1084 5.59975
513 1089 5.09825
602 1089 3.93535
595 1084 1.48282
473 914 6.68959
471 908 7.13132
478 895 5.01355
657 916 6.62979
652 898 4.99076
656 909 5.43641
501 930 1.08809
505 922 2.4002
513 932 0.569583
636 922 1.50456
637 929 0.369691
628 932 1.30473
552 892 2.23612
537 889 1.87571
548 885 1.42035
605 894 1.6488
608 887 1.15846
615 890 1.41244
531 1178 6.15625
540 1192 3.9709
528 1200 4.94128
581 1179 5.97555
583 1203 7.54487
573 1194 6.12516
487 881 0.618255
643 882 3.14708
431 997 7.20755
673 998 9.94971
565 947 1.38925
573 952 2.01908
554 949 2.81736
583 946 1.00206
591 945 2.87298
536 1215 8.10934
523 1219 11.1186
574 1217 0.268239
583 1222 5.08207
460 1151 6.67016
451 1142 3.71425
461 1143 12.9082
643 1141 13.7001
636 1152 17.3903
635 1141 7.66731
533 1165 0.763578
541 1174 4.97455
572 1175 5.56444
579 1166 0.617428
548 1207 7.25553
556 1220 7.59128
566 1208 5.76381
540 941 1.47826
550 943 1.80879
597 938 1.99006
605 936 1.14349
514 860 4.31311
503 867 4.27206
632 869 1.2476
626 862 2.15416
450 1175 9.20534
457 1160 12.3611
642 1179 9.5572
639 1162 10.3601
487 935 2.30466
497 936 0.100541
645 935 1.79463
637 935 0.0405561
528 1015 3.42416
530 1039 3.29129
602 1016 2.51454
601 1040 0.861414
470 926 4.2423
477 932 4.57235
657 927 4.54542
653 933 0.215934
488 958 0.0344059
485 968 0.995935
633 958 1.29776
632 969 4.72352
502 904 2.34725
640 906 2.1441
506 886 0.948972
637 889 1.20277
460 967 4.01379
441 986 2.31417
649 969 5.75998
664 988 0.278144
553 1050 1.56271
547 1062 1.89266
539 1051 0.285018
581 1051 3.65801
593 1051 0.750438
585 1063 2.86121
440 1135 6.59929
430 1120 1.26213
653 1136 17.2773
663 1120 10.1782
568 938 2.04696
563 933 2.0166
571 927 2.4792
578 933 2.25812
592 932 1.27145
584 937 1.96203
586 926 2.06379
559 942 1.44408
575 943 1.5116
590 940 1.78024
567 879 2.71542
581 878 3.13287
574 887 3.36742
593 880 1.63214
587 887 2.46404
532 1063 1.2659
597 1064 3.80569
549 1184 4.6507
557 1197 5.61094
564 1185 0.104834
566 983 0.487625
465 1100 5.66941
638 1098 2.33472
541 1073 3.95822
532 1080 4.27311
591 1081 1.10754
588 1074 1.44308
471 952 0.966132
469 940 4.64979
473 943 5.17879
478 951 4.55356
467 914 4.07923
468 920 0.153756
650 942 2.15276
644 953 2.5751
643 952 1.10163
649 945 1.0351
-1 -1 3.51557
-1 -1 0.792697
565 920 2.77991
573 914 2.79474
580 920 2.28096
587 914 1.86226
592 920 1.49241
516 939 1.10817
518 935 0.4458
528 937 2.12833
623 937 0.12092
615 934 2.0864
623 934 0.390239
543 928 1.9045
556 922 2.08734
555 930 1.85411
607 926 2.0245
599 928 1.4626
599 920 1.6909
546 937 1.51154
555 937 1.43824
596 934 1.46561
602 933 1.85043
467 930 1.02622
470 935 1.34644
-1 -1 5.10551
654 937 4.17436
548 1170 4.14574
556 1178 4.55408
564 1170 5.01596
537 935 1.41598
609 931 0.760952
535 1085 1.38823
544 1086 2.88612
538 1089 1.50587
583 1090 4.02365
581 1085 1.55075
587 1085 0.721767
465 925 5.46171
-1 -1 4.21826
564 1083 3.4283
556 1089 3.31851
552 1083 2.19507
560 1079 1.2648
569 1089 4.33304
572 1079 2.246
576 1083 1.46686
560 886 2.05588
555 879 1.19496
559 872 2.0026
603 882 0.780772
599 888 1.29368
598 873 1.11546
472 964 4.14871
481 960 2.86876
637 960 3.37025
641 965 4.85146
568 1051 0.499238
561 1061 0.348525
574 1062 2.93373
559 900 3.24711
567 907 3.2752
560 914 2.03004
599 901 1.92794
597 914 1.41301
592 907 1.61424
477 939 1.48409
485 941 1.05005
650 940 2.96764
645 941 1.65932
566 894 2.74178
593 895 1.77478
574 901 3.38307
580 894 3.2303
587 901 2.43348
484 950 0.222136
640 951 1.5629
480 945 2.332
646 946 0.717811
442 1113 0.279839
655 1112 10.1234
554 1071 3.04905
548 1080 1.91998
580 1081 2.02623
578 1072 2.5305
580 907 2.96208
486 944 1.44636
642 944 1.0834
567 1071 2.99645
507 940 1.44272
492 942 1.79881
497 939 1.00123
628 939 1.62417
635 938 1.68187
638 941 0.0497149
504 936 1.65859
512 935 0.566219
628 934 0.249789
631 935 1.06419
446 1131 3.30241
648 1130 10.7064
