341.565
342.655
347.436
353.581
359.165
363.825
367.6
369.42
371.148
370.664
370.18
368.41
366.774
365.018
363.043
360.713
357.969
354.889
352.876
353.597
356.388
356.279
357.515
358.03
360.157
363.508
367.785
372.963
387.104
405.651
432.469
449.15
456.196
311.57
311.922
312.772
314.135
315.815
317.823
320.375
324.728
327.604
329.991
332.918
336.301
336.954
337.135
334.053
330.868
327.291
323.16
319.425
316.718
313.573
311.542
308.112
306.216
305.937
305.607
306.516
307.486
308.3
308.601
309.175
311.76
313.712
316.57
319.448
323.969
328.668
333.225
338.602
345.866
420.344
300.12
296.903
295.464
294.462
293.063
292.964
293.74
294.626
296.967
299.003
300.432
302.146
304.637
306.191
307.091
305.834
303.915
300.79
297.214
293.493
288.961
284.769
282.017
279.239
277.231
274.95
275.219
274.137
274.342
274.021
274.719
273.995
274.57
276.437
277.817
279.194
280.246
283.209
285.084
287.5
289.877
294.091
299.298
303.827
309.747
315.836
329.668
348.736
292.239
287.886
285.515
281.953
278.887
276.005
274.852
273.907
273.533
275.341
276.32
277.14
278.369
279.307
279.1
278.636
277.871
275.984
273.754
271.534
268.582
265.9
262.455
259.105
255.214
252.303
250.106
248.997
248.013
247.049
246.392
247.213
246.89
244.982
245.888
247.105
248.507
249.972
252.026
253.416
255.238
257.034
259.795
260.796
264.21
266.954
271.506
276.612
281.928
289.679
297.429
310.984
329.243
368.675
286.826
281.86
277.168
273.071
269.318
266.013
263.064
260.312
257.217
256.468
256.587
256.176
256.35
256.806
255.7
254.578
253.467
251.609
249.728
247.847
246.044
245.211
243.958
242.827
242.03
240.372
237.019
233.943
232.099
228.43
227.506
224.818
223.243
223.784
223.067
222.668
222.659
223.062
224.344
226.408
227.623
228.586
230.44
232.805
233.531
234.511
236.82
239.955
242.263
244.106
247.556
252.6
258.344
269.253
279.63
291.88
312.895
341.169
276.539
271.98
266.75
262.152
258.311
254.169
250.268
246.358
243.295
241.93
241.113
240.121
238.567
236.953
234.793
233.621
231.875
229.137
226.374
222.264
218.739
215.707
218.805
222.615
224.602
225.891
225.627
224.357
220.412
217.719
213.133
210.748
208.213
206.65
206.032
206.438
205.6
204.732
204.773
204.841
205.246
206.785
208.919
210.398
210.356
210.151
211.955
213.636
214.925
216.927
220.376
223.199
224.968
229.123
235.474
243.103
252.363
265.029
281.255
303.412
341.184
262.899
258.006
252.925
247.928
243.114
238.607
234.372
231.329
229.092
226.898
225.057
222.876
220.632
218.8
216.286
213.757
210.183
206.331
201.738
195.872
192.532
192.477
195.692
204.082
210.802
214.194
215.02
212.878
209.396
205.276
201.1
198.388
194.078
193.578
192.238
191.492
190.688
189.342
188.202
188.945
190.067
190.828
191.677
192.587
192.038
192.232
192.75
193.919
196.708
198.438
199.862
201.75
203.635
207.284
211.636
216.038
224.285
233.087
241.548
256.544
276.083
307.397
249.641
243.977
238.616
233.769
229.157
224.504
220.185
217.293
214.318
211.873
209.458
207.144
204.716
202.269
198.819
195.491
190.727
184.894
179.153
174.509
173.851
175.659
181.926
189.758
198.898
204.242
205.914
204.185
199.65
195.286
190.397
187.136
184.365
181.871
180.726
178.881
176.923
176.581
175.376
175.71
175.644
175.808
175.624
176.762
177.51
177.087
177.439
178.704
179.911
181.559
182
183.364
184.921
188.162
190.852
196.342
202.572
207.81
214.701
223.069
235.616
251.083
278.377
319.408
242.004
235.832
230.227
225.232
219.754
215.598
210.437
207.04
203.838
200.954
197.84
195.456
192.976
189.925
186.861
183.012
179.205
173.208
167.102
161.432
158.21
158.994
164.309
170.885
179.415
188.595
195.825
197.292
194.9
190.773
185.886
180.798
177.6
173.609
172.507
169.939
167.537
165.388
164.482
163.277
162.363
161.393
162.109
162.457
163.086
163.822
163.673
163.987
164.805
165.211
166.032
167.31
167.954
169.543
171.386
174.269
178.294
183.052
188.016
193.566
201.064
207.117
217.528
230.726
253.277
295.018
228.656
222.103
216.201
210.401
206.473
202.799
198.658
194.699
190.98
188.139
184.728
182.316
179.632
176.317
173.276
169.24
164.436
157.9
151.059
145.645
142.937
146.811
151.609
161.101
169.899
179.46
185.696
188.861
186.311
181.924
177.444
172.566
168.546
165.638
163.905
160.262
158.407
156.349
154.831
152.674
152.134
151.314
151.068
150.387
150.185
150.996
151.601
151.81
152.267
152.663
153.242
154.618
154.869
156.458
157.878
159.883
163.331
167.172
171.002
176.528
181.55
187.962
195.256
203.886
214.801
233.959
270.224
215.614
209.418
204.707
199.169
195.036
190.658
186.509
181.889
178.614
175.789
173.116
170.508
167.728
164.395
160.798
156.36
151.236
144.455
138.362
133.27
133.314
135.384
143.143
151.774
161.284
171.159
176.204
178.122
176.538
173.328
169.655
165.09
161.216
158.161
154.32
151.113
149.39
147.272
144.896
142.886
142.428
141.346
140.321
139.76
139.617
139.932
140.258
139.91
140.584
141.246
141.827
142.664
143.192
144.081
145.544
147.598
149.799
153.246
156.635
161.336
166.385
172.017
177.782
184.571
192.423
202.404
219.143
249.053
209.178
202.685
197.048
192.872
188.218
183.674
179.513
175.778
171.56
168.512
165.258
162.84
159.811
156.614
153.047
148.952
144.631
139.149
132.848
127.296
123.351
123.095
127.065
134.215
145.687
154.577
162.405
165.681
168.221
167.747
165.562
162.789
158.703
154.776
151.671
147.846
144.862
142.574
139.66
137.773
135.656
135.015
132.182
131.326
130.67
130.75
131.542
130.786
130.637
130.922
131.567
132.057
132.81
133.022
133.835
135.066
136.351
138.899
141.372
145.059
148.904
153.708
158.708
163.566
169.247
175.801
183.386
192.881
208.297
236.176
197.583
191.785
186.891
182.351
178.237
173.497
169.354
165.347
161.816
158.301
155.061
152.778
150.021
146.297
142.914
139.068
134.773
129.827
124.445
118.091
114.314
114.231
119.672
129.19
140.994
151.215
157.439
158.527
159.855
159.113
158.277
156.632
153.366
150.365
145.533
141.62
138.454
134.733
131.967
130.255
128.426
126.379
124.909
124.353
123.508
123.433
123.585
123.335
123.256
123.432
123.883
123.992
124.296
124.762
125.332
126.182
127.665
129.543
131.787
134.703
138.595
143.542
147.09
151.823
156.382
161.893
168.602
175.858
185.563
200.973
225.046
186.183
181.634
176.942
172.502
168.715
164.287
160.255
156.091
153.211
150.208
147.088
144.291
140.908
137.145
133.661
129.918
125.603
121.417
116.164
110.409
108.049
107.667
113.954
124.743
138.553
148.29
152.445
152.904
152.585
152.554
151.977
151.342
148.482
144.77
140.208
136.843
132.799
129.38
126.802
124.838
122.614
120.246
118.911
117.739
117.54
118.274
117.777
117.553
117.495
117.69
117.43
117.7
117.392
118.01
118.249
119.659
120.435
122.167
124.814
126.809
130.42
134.702
138.23
142.063
145.692
150.617
155.588
161.666
170.111
180.005
193.478
215.883
177.561
173.022
168.51
163.802
159.679
155.633
151.234
146.834
144.349
141.918
138.866
135.508
132.119
128.665
124.775
121.068
117.395
113.432
108.425
104.67
102.242
103.185
109.706
122.263
136.119
144.817
148.264
147.938
146.966
146.916
147.173
146.546
145.038
141.425
136.849
132.674
128.317
124.943
122.527
119.688
117.825
115.039
113.148
112.421
113.208
113.367
113.082
113.34
112.91
112.393
112.193
111.928
111.765
112.145
112.616
114.113
114.899
116.768
118.936
121.1
124.114
127.3
130.533
134.038
136.87
140.734
144.721
149.511
156.038
161.559
171.331
186.704
208.06
169.883
164.951
161.377
156.752
152.284
148.431
145.008
140.643
137.925
134.968
131.689
128.292
124.896
120.909
117.288
113.61
110.42
107.238
103.407
99.9083
98.1189
100.45
106.952
120.609
133.336
140.485
143.715
143.991
142.821
142.485
142.99
143.204
141.855
138.131
133.413
128.242
124.185
120.942
117.699
114.569
113.037
111.053
109.109
108.657
109.452
109.972
109.906
110.008
108.914
108.21
106.94
106.709
106.57
107.234
108.259
109.592
110.956
112.78
114.588
116.254
118.92
121.036
123.715
126.598
129.427
132.139
135.36
138.938
141.643
146.73
154.345
163.091
178.536
201.925
157.953
153.758
149.326
144.53
141.007
138.232
134.476
131.547
128.195
124.914
121.662
118.058
113.296
109.851
106.448
103.167
101.275
98.5032
95.3878
95.32
96.2772
104.929
119.466
131.511
137.193
140.101
140.801
139.939
139.583
140.352
140.235
138.85
135.446
130.605
125.41
121.509
117.374
114.671
111.703
109.892
108.773
106.836
106.951
107.44
107.993
107.19
107.003
105.458
104.02
102.579
101.681
101.598
102.85
104.2
106.568
108.1
109.69
110.549
112.07
113.282
115.461
117.328
119.457
121.735
124.075
126.01
128.135
129.913
133.469
137.211
143.807
155.059
171.739
152.417
147.898
143.81
138.423
134.671
131.603
128.473
125.151
121.756
118.594
115.592
111.231
106.773
103.341
100.169
97.4713
95.3484
93.8323
92.1545
91.3697
95.5111
102.679
119.062
130.771
135.978
139.851
139.578
138.196
137.593
138.333
138.681
136.605
132.9
127.832
122.6
118.082
114.007
111.349
108.988
107.356
106.539
106.435
106.097
106.375
106.129
105.393
103.759
101.725
99.2628
97.1597
97.0481
97.6867
98.9922
101.368
103.861
105.39
106.328
106.583
107.083
108.145
109.237
110.79
112.831
114.806
116.539
117.543
118.47
119.361
120.475
123.005
127.814
134.913
147.904
166.661
147.143
141.702
137.939
133.444
129.684
126.507
123.089
120.31
116.946
113.72
110.15
104.921
100.602
96.7413
93.4599
91.6754
90.12
88.8016
88.3653
87.9594
92.6952
101.41
118.56
131.349
137.212
140.112
139.393
137.358
136.81
136.994
136.849
134.74
130.241
125.173
119.926
115.733
111.86
109.195
107.517
106.097
105.48
105.616
105.84
106.001
105.254
103.887
101.024
97.9103
94.7478
93.0858
92.14
92.85
95.3595
98.5816
101.198
102.616
102.343
101.988
101.577
102.212
103.04
104.327
105.931
107.601
108.799
109.577
109.545
109.642
109.658
111.045
113.423
117.36
127.156
141.208
163.892
136.053
131.888
128.412
124.603
121.111
117.704
114.925
112.136
108.846
104.074
99.2057
95.3347
91.7261
88.6938
86.5735
85.2731
84.5264
83.4026
85.7975
88.8022
99.3992
118.121
132.451
138.439
141.018
140.621
138.229
136.998
136.961
135.698
132.89
127.96
122.494
117.241
113.184
109.76
107.163
105.753
105.162
105.291
105.735
106.034
105.631
104.251
101.434
97.7665
93.8955
90.35
88.0727
87.3852
87.9341
90.9347
95.9173
99.3712
98.6551
97.7223
96.504
95.3657
95.9919
96.6517
97.8046
99.44
100.736
101.514
101.538
101.41
101.287
100.155
100.468
102.174
104.758
110.463
120.022
138.267
166.644
133.045
127.958
123.818
120.25
116.482
112.821
109.893
106.965
103.834
99.2981
94.7625
90.3023
86.4617
84.1945
81.8864
80.1935
80.1883
80.002
81.0794
85.7966
94.1241
116.487
133.885
140.886
143.671
142.242
139.356
138.038
136.859
134.896
130.442
124.727
118.945
113.931
109.99
107.384
105.098
104.004
104.572
105.377
105.931
105.938
104.845
102.633
98.5728
93.8139
89.3188
86.1867
82.7823
81.627
82.7759
86.29
92.5266
94.8951
91.9827
89.5175
88.5668
88.9821
90.1892
91.7085
93.2409
94.3948
94.9798
94.9585
94.3256
93.1655
92.1823
91.8327
91.9228
94.6056
98.3545
104.736
118.703
139.793
129.632
124.437
119.858
116.691
113.514
109.833
106.904
103.934
100.686
96.1425
90.9976
87.1097
83.2816
80.3029
78.08
76.2745
75.7721
76.1288
77.186
80.2825
90.0361
111.368
134.126
140.322
143.614
143.367
140.532
138.633
136.269
132.771
126.659
120.375
114.505
109.574
105.882
104.281
102.551
102.917
103.181
104.435
105.491
104.842
103.001
99.5624
94.6788
89.5311
84.5704
80.173
77.0886
75.3826
76.5687
81.7313
90.3
85.1202
82.1866
80.9767
81.9572
83.8567
85.8611
87.8783
89.119
89.5365
89.5895
88.4461
87.0513
85.4838
84.4694
83.8246
86.1343
89.3655
93.4398
100.757
119.056
147.514
125.03
120.673
115.898
112.754
110.236
106.844
103.872
100.661
97.3955
94.0144
88.5486
84.3412
80.2963
77.0466
74.4923
73.2568
72.5858
72.5074
73.8236
77.4958
85.9149
103.436
131.261
141.837
141.1
141.753
140.188
138.752
134.934
128.92
121.689
114.254
108.448
104.138
100.829
98.6026
95.7653
97.68
97.5809
99.3039
100.377
99.8783
98.7135
94.9349
89.5442
84.5374
79.3846
75.0785
71.3745
70.1314
71.3488
77.3725
83.8563
78.5071
74.5729
73.538
75.0021
77.6048
80.4815
82.7463
84.4104
84.9845
84.755
83.2538
81.6791
79.8791
77.8097
77.032
78.267
82.306
85.6501
91.9187
103.459
127.301
122.274
118.171
112.806
109.327
106.648
103.935
100.599
97.3883
94.1049
90.7238
86.5755
82.2625
77.9615
75.4231
72.6162
70.7462
69.9112
70.1286
71.2548
75.342
82.2497
96.3482
122.036
137.734
138.057
137.524
135.903
134.808
128.953
121.448
113.185
105.898
100.029
95.3719
91.7573
89.1077
83.4638
71.8515
55.2207
52.2276
56.8581
70.0393
88.9438
88.5605
83.9694
79.2072
74.2341
69.6816
65.9981
63.4016
65.7817
74.2671
77.531
72.4336
67.7415
66.9451
68.4448
71.8113
75.2206
78.3294
80.1783
80.8729
80.5574
78.9092
77.0214
74.7238
73.7043
72.6175
72.7146
76.1394
79.9587
83.9623
93.0577
110.615
144.208
119.582
115.288
111.01
107.304
104.625
101.549
98.8043
95.4403
91.9639
88.352
84.7578
80.5389
75.9426
73.3494
70.7514
68.6779
67.2737
68.1556
69.3957
72.0196
77.9736
88.8231
112.094
129.016
133.985
131.693
131.35
125.604
119.332
109.465
100.95
93.9516
88.0397
83.339
78.5052
72.1306
57.7485
41.9824
35.5951
35.9525
44.1133
58.6871
73.2882
78.125
76.903
73.2182
69.0558
64.5772
60.8438
58.7702
61.4422
70.5956
67.3158
62.3559
61.2372
63.4027
67.0348
71.1045
74.5527
76.7932
77.6847
77.3864
75.5561
74.0697
71.4619
69.8961
69.0029
68.808
71.9191
75.133
79.6193
86.2838
100.554
124.994
116.858
112.322
109.034
105.281
102.248
99.1623
96.5333
93.6546
90.1753
86.5697
82.975
79.538
75.1706
72.3921
69.2172
67.688
65.9389
66.2445
67.5658
69.9491
74.7462
83.1637
99.572
115.774
123.968
123.057
118.853
114.18
103.7
94.834
86.3943
79.6289
73.3294
67.2308
59.0735
48.347
35.2781
24.0611
20.8979
22.5847
32.0612
52.4493
62.9655
68.7272
69.5288
67.6867
63.8601
60.0129
56.6786
54.9443
57.8248
66.8324
63.4581
58.4977
56.7679
58.9474
63.0424
67.695
71.4847
74.1776
75.0826
74.6151
72.566
70.634
69.09
67.1369
66.2791
66.786
69.4284
70.9992
74.1605
80.6085
92.614
114.356
115.091
110.032
106.599
103.289
100.035
96.8213
94.1471
91.5182
88.3923
84.7936
81.195
77.7551
74.3181
70.993
67.7737
65.9245
64.7832
64.6783
65.4902
68.1391
72.3844
79.2414
89.258
101.948
108.637
108.575
103.839
95.7059
87.172
78.5771
71.3808
64.1016
57.2336
49.2786
39.7719
30.0696
19.3629
11.3667
8.64053
10.0508
17.1814
40.5929
53.9741
60.1531
61.4923
62.0486
59.4888
56.213
53.294
51.7914
54.5202
62.8936
61.192
55.8905
53.8671
55.6918
60.1471
64.6102
69.1702
72.0499
72.9482
72.2757
70.6283
68.7439
67.145
65.0314
63.7229
64.4821
65.4627
66.8653
71.7401
76.4194
87.649
106.14
139.214
113.788
109.272
105.769
102.272
99.4701
96.2192
93.5337
90.753
87.7389
84.3532
80.6929
77.2345
73.6929
70.8751
67.7397
65.9339
64.1192
64.219
64.7646
66.7706
70.7832
77.1735
81.5203
87.9814
91.6934
90.9713
85.6797
78.5232
71.5395
64.5562
57.5317
50.1821
42.4695
34.4624
25.3075
17.2769
7.94594
0.893262
-1.25257
-0.164079
4.86334
18.865
43.4829
53.5955
57.0036
58.2174
57.2019
54.3947
51.2175
49.4138
51.7511
58.7231
60.4211
54.5263
52.385
53.9189
58.6101
63.1059
67.7032
70.6981
71.8519
71.0713
68.9916
66.745
65.2605
64.471
63.4888
63.5428
64.641
65.7145
69.6163
73.6671
84.4323
101.825
130.312
112.485
108.513
104.584
101.027
98.5625
95.6508
92.8719
89.8822
86.8707
83.8249
80.4259
76.899
73.2519
70.3297
67.8422
65.6175
63.4552
63.2004
63.9803
65.4021
68.8764
73.5421
77.4988
81.0561
81.5059
79.0713
73.9
67.0975
60.6688
53.8457
46.6463
39.7761
32.1761
24.0926
16.7598
8.49829
0.18386
-5.25528
-7.57384
-7.08025
-3.80398
5.4135
30.0424
46.2356
52.7684
55.4303
55.8436
54.1518
51.076
48.8251
49.5763
55.3175
60.3359
53.9779
51.8868
52.9041
57.508
62.1428
66.8378
69.9966
71.1232
70.2555
67.867
66.2733
64.3472
63.7391
62.984
62.138
63.1362
64.8989
68.138
73.1503
83.2985
98.8398
126.068
108.002
103.753
100.044
97.6145
95.1535
92.2348
89.2381
86.2404
83.2408
80.1998
76.775
73.1639
70.2155
67.8228
65.6131
63.5691
63.2336
63.3715
65.145
68.4535
71.8793
75.4738
77.329
76.4152
73.3197
67.4462
61.2427
54.1885
47.4885
41.1616
33.8459
26.735
19.7997
11.8878
4.53652
-2.88949
-7.55711
-9.97916
-9.77174
-6.48225
1.67669
19.7801
41.7005
50.1271
54.1917
55.41
54.6275
51.8452
48.7674
48.4755
53.9655
60.0935
54.0735
51.505
53.0517
56.8504
61.6323
66.3966
69.7687
70.806
70.0025
67.8504
66.0478
64.4244
62.9683
62.702
61.9143
62.7727
64.8198
67.8912
73.0648
82.9343
99.3336
123.982
107.78
104.248
100.363
97.9327
95.0431
92.3555
89.4843
86.4867
83.4858
80.2076
77.0586
73.6701
70.66
67.8352
65.4961
63.9737
63.38
63.0344
64.8225
67.5034
70.4631
74.0965
75.4053
74.917
71.2192
65.7261
59.0614
52.6394
46.0833
39.3149
32.7593
25.7875
18.4314
11.1913
3.64498
-2.83692
-7.63087
-9.87927
-9.63063
-6.63725
1.20732
19.1608
41.58
49.8871
53.8189
55.4297
54.7093
52.154
48.8353
48.7265
54.1766
60.206
54.1854
51.6088
52.8156
57.2917
61.9155
66.6285
70.0024
71.3565
70.6692
68.2757
66.6912
64.0388
64.6618
63.5836
63.8111
64.4876
65.9351
69.5151
73.2963
83.5947
101.143
127.57
107.56
104.233
100.681
97.9165
94.9327
92.2334
89.5984
86.7331
83.4936
80.2153
77.0551
73.9385
70.8607
67.8796
65.4649
64.1454
63.3952
63.1414
64.9612
67.5926
70.7569
74.4865
76.4656
75.8977
73.0185
67.3867
61.7897
55.2877
48.8691
42.6462
35.8848
28.928
22.1221
14.7868
7.8649
-0.127798
-5.51012
-7.81101
-7.40366
-4.45746
3.52366
28.4927
45.7028
52.2266
55.3671
56.2883
55.2766
52.4813
49.7506
50.2814
56.0799
61.2237
54.7739
52.0877
53.0691
57.4941
62.5559
67.354
70.9103
72.4842
71.7735
69.8323
67.7388
65.9744
65.6326
63.7343
64.9278
65.8887
67.0503
71.3906
75.3206
86.8785
105.819
132.413
107.983
104.624
101.199
98.3495
95.426
92.7805
90.222
87.2584
84.0942
80.8743
77.7728
74.5887
71.3478
68.5975
66.234
64.5439
63.8405
63.863
65.4838
68.0663
71.7925
75.3531
78.7556
80.0014
77.8458
73.7652
67.9088
62.2432
56.2051
50.0365
43.7348
36.8296
29.8526
22.5669
15.4398
6.70014
0.0720844
-2.6003
-1.49846
2.29676
14.0821
39.1
52.1616
57.1689
59.139
59.4832
56.8599
53.8646
51.9615
52.7944
58.4959
62.8393
56.0335
53.7179
54.2696
58.3142
63.7499
68.5294
72.2413
73.8518
73.5117
72.1705
70.0834
68.5158
66.9513
65.5327
67.0329
69.0245
70.7969
74.7924
79.0029
90.8281
109.81
143.185
109.899
106.199
102.151
99.5663
96.7052
94.0307
91.1584
88.0111
84.9258
81.7709
78.6653
74.8927
71.5877
69.1662
66.8751
64.719
63.9587
64.5846
65.816
68.5506
78.1798
82.9018
88.3052
89.2836
85.9016
80.4044
74.6691
68.6886
62.6368
56.1861
49.9802
42.9545
35.572
27.6134
19.3797
11.3026
7.69972
8.65036
13.4763
27.5472
47.3264
57.7102
62.6713
64.6556
62.9323
60.44
57.132
54.9753
56.0202
61.9004
66.8888
59.3475
56.4397
57.0232
61.4765
66.0886
70.702
74.3084
76.0504
75.9581
74.7725
72.8817
71.9087
70.1835
68.9709
69.5649
70.93
75.0991
77.9175
84.7363
96.555
119.135
152.996
111.499
107.407
103.103
100.518
97.9337
95.0716
91.9148
88.7637
85.7518
82.7666
79.2293
75.5686
72.3517
70.0255
67.5967
65.5874
65.0399
65.191
67.1907
70.2422
75.3958
81.8664
91.2797
102.207
107.988
107.81
102.495
94.0338
86.4089
79.0748
73.1646
67.6802
62.2034
55.4395
46.5548
37.0738
26.8306
20.816
20.4445
24.3785
37.2989
53.7327
66.8269
71.4317
71.9164
69.1093
65.4073
61.6697
58.5752
59.6909
65.771
71.2619
63.5938
60.7027
61.0687
65.003
69.6143
73.9139
77.4591
79.2015
79.4281
78.7003
77.029
75.0918
73.1879
73.0269
73.1224
74.7843
78.8305
83.2741
90.8546
106.038
132.504
113.201
109.092
104.836
102.311
99.7352
96.6362
93.6345
90.5883
87.6032
84.1022
80.4239
76.828
73.6385
70.6167
68.0224
66.7081
66.0885
65.783
68.3452
71.6922
77.198
88.2668
104.29
117.991
124.548
123.71
120.237
115.13
106.454
98.0795
90.986
85.5371
80.1153
76.3497
71.1866
62.1886
46.0606
36.4888
33.0027
36.8646
46.8379
62.1746
78.064
80.8504
79.1008
75.5576
71.0199
66.835
63.6654
63.913
69.9353
76.9865
69.5401
66.2023
66.8419
70.1749
73.927
78.0627
81.2885
83.057
83.6418
83.207
81.9244
80.7066
79.1905
77.9517
78.032
80.4007
86.24
90.1768
98.7965
117.38
149.396
115.716
111.331
107.306
104.625
101.369
98.2367
95.4247
92.4412
89.1308
85.2605
81.568
78.0182
74.6048
71.4312
69.0803
68.0201
67.5043
67.5623
70.2696
74.217
80.5712
94.6863
114.466
130.683
135.763
131.864
132.638
128.134
122.819
113.513
106.756
99.9349
95.5031
92.2996
89.6547
86.2262
78.9897
60.224
51.6286
51.6135
59.8319
84.6773
93.1145
90.6556
86.2724
82.0191
77.0928
72.5576
69.7686
69.5218
74.1835
81.9794
83.2082
76.5279
73.4397
74.0331
76.0922
79.6845
82.9615
86.0349
87.78
88.4849
88.4898
87.4168
86.5748
85.6434
85.4762
85.5937
88.659
92.6461
99.237
111.989
135.898
173.038
117.689
113.297
109.776
106.442
103.004
99.8688
97.2842
94.5966
90.988
87.3809
83.9402
80.5758
76.6551
73.8136
71.6574
69.8031
69.906
70.6936
71.8221
76.6739
84.6054
100.841
123.846
140.997
139.427
139.121
139.849
137.457
131.989
125.113
117.557
110.967
106.438
102.817
99.9084
98.5537
95.568
98.1868
97.6675
100.314
102.51
102.777
101.593
98.103
93.2017
88.2935
83.2539
79.305
76.1558
75.9243
79.6092
86.7735
90.7879
84.6289
81.8579
81.556
83.6639
86.1828
89.2059
91.7548
93.5012
94.3475
94.9311
94.8481
93.9944
92.7686
93.4457
94.4693
98.4304
103.33
111.921
129.553
158.162
120.459
116.378
112.948
109.509
106.325
103.335
100.75
97.4744
93.8553
90.2235
86.7638
82.3668
78.453
75.9492
73.664
71.627
72.1773
73.0831
74.0821
79.8107
88.8321
107.527
134.602
143.644
143.339
142.569
141.202
138.903
135.492
131.155
124.964
119.006
113.883
109.489
106.325
104.964
103.825
104.025
104.727
105.633
107.355
107.194
105.81
103.126
98.8163
93.9098
89.3783
85.3527
82.5716
82.6495
84.8176
90.6278
100.293
96.7066
93.0563
90.5342
90.1742
91.4367
93.6663
95.8544
98.1931
100.025
101.438
101.924
101.993
102.69
102.451
103.3
105.94
110.187
117.745
130.024
152.055
124.708
120.397
116.142
112.627
109.858
106.801
103.831
100.352
96.7521
93.0982
89.2083
84.8664
81.3272
78.8422
77.0523
75.1489
75.6774
76.3506
78.6884
81.9986
93.0381
111.981
136.297
141.997
145.064
144.483
141.234
139.244
137.444
134.825
129.838
124.653
119.456
114.683
111.287
108.583
106.926
105.8
106.348
107.401
107.885
108.226
107.779
106.003
102.847
99.1536
95.0274
91.3112
89.5121
88.4083
90.0966
94.541
100.348
103.399
101.949
100.3
99.161
98.3573
99.6802
101.039
103.02
105.304
107.402
108.812
110.393
110.981
112.025
112.767
114.659
118.34
123.642
134.823
151.001
177.277
128.617
124.416
119.336
115.69
112.974
110.195
107.017
103.839
100.66
97.4798
92.4606
88.2895
84.7239
81.4683
79.7962
78.9354
78.4781
79.7189
81.9934
86.5006
96.1789
116.588
135.631
142.287
143.913
143.177
140.336
138.532
137.795
136.395
133.238
128.737
123.433
118.847
114.993
111.507
109.598
107.97
107.836
107.765
108.203
108.652
108.393
107.651
105.914
103.263
100.239
97.1878
94.7116
94.2895
95.8151
98.8107
102.565
105.294
106.509
105.995
105.722
105.718
107.095
108.492
110.473
112.778
115.047
117.429
118.977
120.659
122.076
124.882
127.8
133.07
142.082
155.579
175.476
132.525
128.217
123.523
119.995
117.528
114.338
111.551
108.404
105.225
101.353
95.6602
91.9335
88.7513
85.9204
84.7901
83.6149
83.6032
84.5415
86.3369
91.8605
99.8507
118.254
133.675
139.915
142.146
141.959
139.736
138.419
138.233
137.675
135.777
131.848
126.917
122.447
118.266
114.705
112.108
110.074
109.594
108.408
108.497
108.842
109.067
108.977
108.17
106.542
104.741
102.668
100.399
99.9819
100.944
102.729
105.562
108.432
110.116
110.918
111.444
112.316
113.799
115.711
117.796
120.286
123.018
125.707
128.063
130.818
133.474
136.733
142.646
149.825
161.279
178.415
137.73
132.855
128.646
124.794
122.033
118.507
115.65
112.863
109.791
104.983
100.561
96.5812
93.1524
91.135
89.2277
88.3269
88.864
88.2065
91.1829
94.64
103.02
118.142
132.053
138.36
140.772
140.924
140.24
138.898
138.974
139.298
138.065
134.649
130.172
125.699
121.379
117.801
114.822
112.679
111.122
109.97
109.985
109.557
109.8
110.383
109.954
109.723
108.931
107.648
106.348
105.57
105.748
107.279
108.822
111.574
113.372
115.109
116.051
117.72
119.608
121.843
125.05
127.465
130.54
133.976
137.422
141.421
145.393
150.523
157.855
168.482
183.423
209.106
143.08
137.372
133.433
129.593
126.204
122.678
119.86
117.415
114.87
110.485
106.117
102.343
99.2278
96.7914
95.1439
94.7428
93.878
93.4077
94.9694
98.3812
104.29
117.55
131.09
136.967
139.716
141.913
140.957
139.929
140.3
140.881
140.506
137.389
133.644
129.115
124.89
121.969
118.687
116.518
114.194
112.775
112.132
110.442
110.95
112.464
112.27
112.661
112.321
111.871
111.352
111.012
111.333
112.255
113.649
115.307
116.942
118.659
120.888
122.51
125.03
128.107
131.287
135.307
138.486
142.276
147.164
152.146
158.872
166.285
175.499
189.568
212.563
148.43
141.888
138.536
134.949
132.051
128.941
126.283
123.837
120.96
117.742
112.435
108.676
105.529
102.68
101.288
99.9127
98.9641
99.2181
97.985
102.656
105.968
117.946
130.435
137.359
141.035
143.179
143.07
142.798
143.025
143.725
143.046
140.262
136.619
132.592
128.52
125.516
122.75
120.15
117.434
116.544
114.747
113.109
113.3
114.651
115.245
115.774
116.027
116.097
115.936
116.356
116.632
117.272
118.513
119.974
121.53
123.488
125.504
127.79
130.646
134.998
138.276
142.76
146.659
151.027
156.889
163.639
171.74
182.494
196.188
216.183
153.755
148.743
145.488
140.942
138.306
135.45
132.705
129.947
127.056
124.409
120.181
116.372
113.179
110.44
108.388
106.585
105.599
102.895
102.31
103.894
107.993
118.047
131.45
139.384
144.529
147.313
146.958
146.433
146.7
147.028
146.177
144.237
140.457
137.019
133.45
130.12
127.533
125.672
123.323
121.98
119.397
118.071
118.033
119.196
120.035
119.817
121.061
120.633
121.886
121.693
123.018
123.308
124.8
125.912
127.913
129.442
131.409
134.452
137.274
142.061
146.703
151.501
157.234
161.866
169.217
177.948
187.564
200.715
223.709
159.913
155.955
152.249
147.179
144.227
141.663
138.962
136.273
133.58
130.867
128.09
124.042
120.815
118.201
115.195
113.532
110.797
107.169
106.96
106.835
110.971
119.95
133.531
143.556
149.451
151.984
151.614
151.227
151.713
151.686
150.492
147.893
144.544
141.054
138.831
135.452
132.879
130.782
129.247
127.416
125.505
124.691
124.14
124.178
125.745
125.869
126.089
126.746
127.747
128.622
129.536
130.685
132.11
133.542
135.209
137.396
139.908
142.438
146.774
151.983
157.743
162.682
168.78
175.929
184.181
194.04
206.671
228.645
166.471
162.811
158.865
154.569
151.728
149.674
146.478
144.212
141.521
138.807
136.158
133.091
129.759
126.566
123.624
121.125
117.508
113.728
110.741
110.769
113.443
122.208
135.754
147.231
154.181
157.247
157.453
157.935
158.155
157.256
155.346
152.541
149.978
146.144
143.6
141.387
138.823
136.593
135.406
134.14
132.881
131.718
131.718
131.723
132.52
133.632
133.589
134.668
135.401
136.92
138.387
139.735
141.175
142.838
144.978
147.02
150.122
154.014
158.626
163.945
169.897
176.555
183.654
192.043
201.714
214.385
235.812
174.363
171.764
167.315
163.599
160.143
157.245
153.677
151.675
149.461
146.806
144.168
141.367
138.469
135.211
132.43
128.862
125.062
121.026
117.796
116.606
118.164
126.57
138.083
150.044
158.906
163.244
164.286
165.84
165.332
163.835
161.696
158.313
155.691
153.282
150.601
148.499
147.554
145.133
143.945
142.389
142.481
140.992
140.507
140.466
140.95
142.562
143.66
144.33
145.29
147.166
148.923
150.749
152.347
154.415
156.423
159.672
162.644
167.679
172.753
178.684
185.161
192.688
200.991
212.264
225.007
247.734
185.184
180.666
175.363
171.93
168.531
164.911
161.597
160.127
158.277
156.257
153.85
151.282
148.543
145.683
142.286
138.66
133.932
129.61
125.113
123.732
124.806
131.574
142.284
153.301
162.097
169.485
173.019
175.198
174.134
171.805
168.407
164.613
161.313
159.804
157.748
155.478
154.769
153.72
152.208
150.637
150.698
151.058
150.665
150.658
152.019
153.392
155.42
156.765
158.138
159.51
161.297
164.097
165.261
167.71
170.433
173.285
177.7
183.853
188.683
196.122
204.333
212.608
224.089
238.633
267.137
196.829
190.932
185.88
182.908
178.899
175.513
172.314
170.236
167.545
165.288
163.623
161.155
158.654
156.321
153.183
149.721
144.844
139.618
134.459
130.626
133.38
138.98
147.202
158.766
168.046
178.625
183.64
185.239
183.6
180.009
176.403
171.748
169.218
167.543
167.422
164.528
163.909
163.142
163.171
161.937
161.858
162.148
162.882
163.454
164.631
166.658
168.619
169.425
171.773
173.342
175.363
177.878
179.887
182.091
185.857
189.581
194.946
201.068
208.27
215.588
226.15
239.78
256.629
294.176
211.756
203.824
199.089
195.121
189.736
185.554
182.697
180.039
177.516
175.308
174.171
172.263
170.392
167.954
165.133
161.473
156.929
151.591
146.976
143.567
144.059
147.737
156.265
166.249
175.952
186.831
193.319
196.379
193.945
189.743
184.842
180.872
177.738
175.224
175.822
174.885
174.09
172.964
172.808
173.073
173.244
174.298
175.84
177.578
179.156
181.473
182.871
184.283
185.999
188.687
191.688
193.973
196.38
199.492
203.562
208.761
215.26
222.858
232.678
242.68
255.393
280.21
228.643
219.273
213.483
207.262
202.87
197.683
195.517
191.36
188.958
186.625
184.849
182.819
181.9
180.587
178.652
175.624
171.593
165.329
160.658
155.445
155.142
159.003
165.088
175.437
185.204
195.413
203.41
206.508
204.001
199.656
194.629
189.745
187.666
185.289
185.087
184.885
184.655
184.503
185.113
186.291
186.998
189.141
191.022
192.962
195.183
198.4
198.239
200.451
202.096
205.574
209.551
213.223
216.403
220.216
225.088
232.119
238.631
249.518
263.19
280.58
316.407
237.228
229.263
221.437
215.844
211.993
207.969
203.378
200.628
199.405
197.284
196.211
195.084
193.519
192.179
190.676
187.587
182.763
176.844
171.847
171.154
173.029
178.825
185.911
194.65
205.197
212.99
216.33
214.415
210.338
205.036
200.513
198.251
196.769
195.972
197.526
197.808
198.961
199.503
199.881
201.297
204.964
207.435
210.067
212.782
215.555
217.224
219.546
222.983
226.2
229.211
235.142
240.071
245.477
250.487
259.277
274.096
290.714
413.406
259.108
246.982
239.259
230.941
227.206
222.982
219.544
216.023
213.686
210.652
209.422
209.122
208.116
207.249
205.806
204.474
201.795
197.058
192.688
188.593
189.767
191.543
199.298
206.554
217.947
224.93
226.302
224.696
221.283
216.724
212.691
210.022
209.667
207.272
210.174
209.84
213.832
215.121
217.025
219.33
223.233
227.327
231.924
235.181
239.088
242.243
244.981
247.51
252.712
258.23
263.667
269.827
279.305
291.564
305.944
408.211
268.439
256.625
249.785
243.629
239.008
234.719
232.19
229.132
227.297
225.159
224.148
222.812
223.432
223.157
222.339
221.557
219.138
216.191
211.916
212.19
211.805
217.25
225.778
232.325
237.087
238.791
237.084
233.907
229.867
227.03
224.512
223.765
224.427
226.417
229.647
231.818
233.619
237.631
240.977
247.236
253.317
258.162
262.341
266.701
270.935
275.895
279.788
285.525
291.107
303.181
315.734
427.643
289.926
277.655
268.441
262.058
257.001
253.393
249.509
246.212
243.08
242.292
241.42
241.267
241.279
241.794
242.351
242.384
242.871
243.137
240.963
241.39
242.104
244.796
249.835
253.288
254.923
253.303
250.909
248.279
245.499
243.994
242.069
245.261
245.121
249.51
253.994
258.016
260.775
267.416
274.14
280.481
286.612
292.06
298.045
302.977
308.478
313.638
322.952
336.078
426.475
297.51
288.076
280.858
275.933
271.252
268.026
264.722
262.871
261.004
260.206
260.156
260.784
261.424
263.384
265.823
268.209
270.31
271.342
273.374
275.932
277.521
278.349
277.85
276.305
273.524
270.413
267.028
265.428
265.242
267.543
272.598
274.76
279.507
287.317
294.334
300.518
308.365
316.018
323.519
330.391
337.191
344.147
356.229
374.893
471.888
308.323
301.866
294.396
289.992
286.766
284.002
281.115
279.409
278.069
278.401
280.068
283.77
287.035
289.915
293.621
298.782
302.961
306.755
308.411
310.558
310.707
309.116
306.581
303.082
300.396
299.108
299.387
302.199
305.01
309.034
314.295
319.966
330.892
344.956
353.546
368.945
382.411
400.869
452.395
470.528
477.77
314.984
311.476
306.226
302.938
299.981
300.096
297.848
298.558
301.183
305.945
310.807
317.177
323.797
330.676
337.997
341.476
348.922
352.61
353.35
354.817
353.245
351.264
351.481
352.763
352.981
357.163
365.431
376.394
327.155
324.735
323.873
323.535
324.416
324.609
328.454
333.64
341.226
349.836
358.513
370.076
379.144
387.162
394.751
398.784
404.614
410.676
417.328
439.063
346.43
350.547
355.663
363.632
371.207
381.837
392.921
