  -2.49475
  -37.3774
         0
   7.26135
  -30.8073
         0
   7.43774
  -14.9376
         0
   13.0588
   -8.5929
         0
  0.914307
  -16.2393
         0
   9.33777
   -4.8161
         0
  -9.25952
   4.93771
         0
-0.0811768
   2.05981
         0
   -16.927
   11.7253
         0
  -14.3087
  0.414917
         0
  -15.2975
  -17.4425
         0
 -0.124512
  -12.6095
         0
 -0.461548
   16.7971
         0
  -2.56299
   32.6152
         0
  -3.70007
   15.8525
         0
   20.8423
   36.8983
         0
   2.82727
   40.9498
         0
  -5.95874
   33.2643
         0
  -11.5955
   37.5675
         0
   -26.446
    33.001
         0
  -26.5493
  -1.27484
         0
  0.212158
   6.64648
         0
   22.1729
   9.17902
         0
   17.5901
   37.5117
         0
  -7.89172
   43.1729
         0
   3.40552
   19.3422
         0
  -10.3218
   44.7344
         0
  -11.2334
   21.8704
         0
   8.95715
    27.174
         0
   29.3025
   20.5026
         0
   2.24316
   34.5757
         0
   16.4524
   54.3641
         0
   46.3896
  -37.8777
         0
  -10.8811
  -55.0206
         0
   14.4443
  -69.8177
         0
   3.31665
  -89.8184
         0
  -7.27222
  -72.5083
         0
   16.0511
  -61.4034
         0
  -37.5531
  -37.2526
         0
   8.30359
  -25.8501
         0
   13.8793
  -6.11963
         0
   4.87683
  -9.00806
         0
  -8.52588
  -6.82214
         0
  -4.35474
   -26.347
         0
  -44.3973
  -39.4938
         0
   4.78931
  -56.7128
         0
    49.136
  -45.1829
         0
   50.8071
  -23.1494
         0
   4.56409
  -29.4502
         0
  -46.4667
  -19.1646
         0
  -8.90607
   5.04541
         0
  -20.2379
  -20.3301
         0
   -28.231
   10.4513
         0
  -31.9461
    3.4541
         0
  -25.8226
   25.7654
         0
  -9.40796
   26.5311
         0
  -46.4771
   -16.698
         0
  -13.3726
  -2.93066
         0
  -6.42322
  -4.84924
         0
   23.9551
  -24.1997
         0
  -10.4314
   21.8164
         0
  -7.50464
   24.3735
         0
   1.28711
   2.59241
         0
   11.7729
   12.9294
         0
   11.6733
  -10.3636
         0
   6.05981
   17.7294
         0
   40.0897
  -38.3647
         0
  -6.42322
  -4.84924
         0
   11.6733
  -10.3636
         0
   5.59204
  -7.88892
         0
  -12.2776
  -4.79187
         0
   -54.465
     5.073
         0
    11.158
  -50.3622
         0
   10.6997
  -13.7271
         0
   8.01562
  -17.0872
         0
   10.3079
   9.19977
         0
  -27.9294
   3.04346
         0
  -33.4741
   1.31555
         0
  -46.3303
  -7.86267
         0
   13.8181
  -24.4373
         0
   10.0593
   9.02014
         0
   28.5846
  -23.1846
         0
   4.86279
   22.0996
         0
   7.78711
   24.5702
         0
  -30.4789
   2.48987
         0
  -57.2313
   2.53345
         0
   17.5205
  -43.3718
         0
    -5.896
   16.3552
         0
   4.27466
   0.67749
         0
   6.05127
  -42.3186
         0
   7.30029
  -27.0886
         0
   27.2997
  -30.3403
         0
  -9.84583
   -4.2146
         0
   11.8372
  -16.3916
         0
  -29.6835
  -13.5889
         0
  -49.7988
  -10.8486
         0
 -0.682129
  -4.66455
         0
    10.179
   14.1351
         0
  -5.59937
     13.45
         0
   27.8168
  -30.2988
         0
   6.73047
  -25.5397
         0
   8.65479
   10.6413
         0
   10.2539
  -22.0652
         0
  -22.7811
  -1.24731
         0
   13.1367
  -29.6707
         0
   15.6345
  -41.3162
         0
   4.27197
   5.14014
         0
   23.5864
  -19.7551
         0
  -19.6074
 -0.655762
         0
  0.935547
   7.31714
         0
   11.0786
  -6.93036
         0
  -43.7944
   3.58862
         0
  -64.7114
    6.2063
         0
  -56.3585
  -6.76172
         0
   8.90479
  -51.0472
         0
   11.9839
  -8.25757
         0
   14.0828
  -12.6152
         0
   33.1935
  -26.8516
         0
   3.42627
  -9.65503
         0
   16.9451
  -17.7128
         0
   4.92212
  -26.8378
         0
   9.30908
  -19.4216
         0
  -5.26221
   16.3777
         0
    2.8833
  -2.73682
         0
   4.48584
  -4.84619
         0
   10.9907
 -0.100342
         0
  -15.6655
  -1.12134
         0
  -38.5131
   6.35779
         0
  -41.0277
   5.17676
         0
   31.4982
  -34.4802
         0
   -39.655
  -12.0427
         0
   10.0896
   -20.652
         0
   4.58032
  -12.5918
         0
   10.8892
  -42.5359
         0
   6.74072
  -12.4971
         0
   15.7273
  -37.5986
         0
   11.3918
  -7.82214
         0
   17.3442
  -55.3859
         0
   4.66138
  -10.7534
         0
   9.18774
  -38.1913
         0
   2.79248
  -2.42908
         0
   11.0986
  -3.91455
         0
   8.30981
   -37.815
         0
  -2.78748
   8.90503
         0
   9.85889
   7.59973
         0
   15.4756
  -37.9392
         0
   1.91296
   7.29797
         0
   21.0878
  -21.3152
         0
   11.8713
   -52.938
         0
   1.11926
  -9.01868
         0
   19.7798
  -18.2644
         0
   5.84644
  -25.7528
         0
   5.30273
   6.05682
         0
   9.03564
   -4.6062
         0
   4.21045
  -7.02991
         0
   10.3406
   6.30127
         0
   19.3418
  -49.1935
         0
   5.47144
   -16.644
         0
    8.6499
   53.7514
         0
  -8.29834
   17.7947
         0
   13.6138
  -20.7909
         0
   6.40649
   0.62085
         0
   34.4352
  -39.3339
         0
  -6.61621
   20.7898
         0
  -1.01221
   6.87488
         0
   19.9561
  -51.4487
         0
 -0.885742
   16.6356
         0
  -8.84998
   20.0767
         0
  -3.26819
   12.9817
         0
    1.6228
   5.30957
         0
   37.3271
  -36.7585
         0
   30.1687
  -34.6094
         0
   4.96753
  -42.8184
         0
   6.80908
  -39.1342
         0
   9.60742
  -33.7113
         0
  -7.29333
  -4.64514
         0
   10.6926
  -29.8734
         0
    11.541
  -24.8663
         0
   24.6208
  -21.8979
         0
   8.64429
  -11.9857
         0
    7.6665
   31.7245
         0
   5.50586
  -34.2897
         0
   8.10278
    40.295
         0
   4.60742
    13.707
         0
   4.30176
  -19.3621
         0
   7.45654
  -39.8897
         0
   5.58252
   32.7484
         0
   4.41553
  -35.6701
         0
   14.3464
  -16.8135
         0
   6.36182
   -33.217
         0
   6.11914
   43.2635
         0
    30.847
  -30.2983
         0
   19.4757
  -21.2625
         0
     3.724
   -8.2041
         0
   5.87256
   24.2805
         0
   5.26123
   11.3095
         0
     24.79
  -25.3889
         0
   5.54517
   16.5239
         0
