   0.650968
  -0.235562
  -0.744401
-0.00878124
  -0.768417
   0.163745
     1.4179
    2.45943
   0.637709
   -1.13213
   0.203414
   -1.26334
    0.68354
    -1.4721
  -0.692239
  -0.632003
    -2.2242
     1.3302
   0.414724
   -1.58078
    1.63229
   0.629709
     1.0783
    -1.9552
    1.19223
  -0.662192
   0.852941
    1.56117
   0.930473
   0.242929
    1.12299
   -2.35249
   -4.34946
  -0.212721
  -0.390196
   -1.97866
 -0.0047617
   0.762021
    1.07424
    1.64906
  -0.384543
  -0.733384
   -3.18991
  -0.293521
    2.97209
    3.46104
  -0.614653
   -1.73202
    1.75873
   0.376525
   -1.20369
    0.64537
   0.540404
    -1.0184
   0.813653
Matrix 3x4
  8.93499 -0.221885  0.225995   1558.59
-0.202751  -8.90841 -0.730379   946.541
        0         0         0         1
DONE MAPPINGs
done init edge
