24.6264 -1988.35 -77.7246
0.672065 -131.103 -81.6817
0.738468 -126.424 -73.4484
1.54269 -136.592 -49.3748
1.42088 -129.012 -48.5548
1.00563 -103.421 -44.9219
8.34767 -439.056 -45.5801
0.743907 -91.6213 -44.8873
1.27838 -119.439 -47.0531
2.26621 -170.318 -48.6497
934.193 -41521.6 -44.3844
1.76321 -187.551 -67.1698
3.50824 -272.291 -59.0449
2.41735 -226.719 -65.5281
3.92425 -306.302 -61.186
2.26737 -188.787 -55.3304
6.33907 -400.753 -53.3792
7.28336 -440.799 -52.0463
0.442006 -88.3229 -56.6694
0.401268 -83.7216 -52.0076
2.53936 -187.818 -50.0404
5.80704 -374.417 -53.7069
1.62758 -163.273 -60.0023
1.29533 -151.263 -64.4454
1.2537 -130.403 -48.8951
3.20007 -207.565 -46.4429
0.454577 -76.3837 -42.5014
4.48819 -229.327 -38.7859
18.9445 -835.796 -41.1411
3.13653 -207.804 -47.3104
-4.77436 127.654 -38.2549
0.591405 -89.7173 -49.4627
0.838223 -89.4979 -40.0962
1.07092 -98.1861 -39.6844
4.34254 -260.151 -46.3354
3.55287 -204.763 -41.6843
1.62663 -116.044 -37.7012
1.96041 -117.127 -33.0052
4.4199 -224.991 -38.4422
1.19189 -110.649 -44.244
1.69 -129.78 -42.9093
1.7452 -138.042 -45.548
5.06006 -365.166 -59.2699
1.27062 -128.867 -52.6194
0.798006 -106.634 -54.6684
1.68796 -137.407 -46.4538
2.08752 -149.043 -43.7655
2.19755 -162.691 -47.0536
2.37898 -146.469 -38.4196
35.9518 -1276.91 -34.0451
2.17816 -133.857 -36.5836
6.35236 -320.157 -41.4941
2.10087 -118.905 -31.9015
1.00872 -68.1766 -21.2908
2.50907 -107.908 -23.8886
11.7515 -346.821 -25.3694
1.82997 -106.349 -30.2131
2.19656 -104.63 -25.4483
101.026 -2586.81 -25.1245
4.55805 -182.689 -29.0077
5.8429 -225.867 -29.9407
17.2609 -515.058 -26.9732
1.90927 -99.4417 -26.3335
2.88315 -121.182 -25.1753
1.01477 -77.5743 -27.4563
1.04807 -63.746 -17.8625
0.863179 -62.7904 -19.5987
1.91722 -94.8324 -24.3306
0.672038 -64.4103 -24.222
1.70958 -84.8257 -22.0766
2.6431 -116.585 -25.6371
5.91069 -193.115 -24.5055
1.66029 -60.8703 -11.4352
1.25084 -58.3052 -12.6522
1.81586 -66.5518 -13.1286
3.3234 -84.9836 -12.7719
0.53886 -51.2573 -14.5602
8.26634 -141.101 -11.9708
10.2564 -156.314 -11.1695
3.34802 -150.697 -29.8179
1.41506 -110.477 -38.9665
4.11839 -198.355 -35.1765
5.18362 -204.145 -29.5911
1.94054 -64.7393 -11.7087
1.35292 -49.5423 -7.19241
0.831057 -45.6012 -7.05026
3.64979 -75.3887 -9.44604
6.31166 -114.68 -11.5264
11.171 -206.93 -14.6345
4.53993 -122.067 -17.0566
42.7916 -731.205 -16.056
11.7766 -273.763 -19.3609
0.783735 -45.1707 -6.97412
0.562591 -52.7526 -15.6539
1.11343 -55.482 -11.9752
0.34057 -49.2648 -15.6391
0.111751 -41.3974 -8.49524
0.941915 -54.2238 -12.5315
1.55361 -74.0149 -18.4787
2.09179 -91.2175 -21.2837
-0.0675131 -40.211 -9.29418
1.37022 -73.4071 -19.9641
3.22503 -105.583 -18.6572
1.98663 -86.8084 -20.4066
-0.0623872 -35.2379 2.48549
0.0711623 -34.9827 2.34841
0.30679 -34.788 1.89751
0.234936 -35.3559 1.30109
0.440065 -35.536 0.819772
0.48786 -38.2723 -2.02259
0.986983 -38.8559 -1.73395
1.14237 -42.9666 -4.08917
3.1681 -50.8772 -3.98716
-0.0968052 -37.3695 -2.73653
-0.117991 -36.1412 0.421216
-0.253847 -36.1148 0.777445
0.109124 -35.4515 1.41499
-0.0991347 -35.4763 2.10794
0.36924 -35.9749 0.375768
0.454176 -37.7133 -1.50189
0.838674 -38.6194 -1.7495
0.929652 -42.2979 -4.23094
1.19734 -45.0056 -5.16523
0.785735 -45.0061 -6.83397
2.45917 -61.3718 -8.50623
2.56076 -66.2584 -9.82539
2.06773 -66.3348 -11.7502
3.20844 -82.8405 -12.5893
6.15642 -136.86 -15.1335
27.046 -452.325 -15.1093
-0.378281 -36.222 0.682884
0.161898 -36.3336 -0.0557379
0.2698 -37.2515 -1.25816
0.105714 -38.2404 -3.26941
2.24095 -86.3426 -18.3346
12.4877 -266.478 -17.7386
1.27257 -77.4292 -23.3549
3.45381 -123.5 -22.1191
1.30486 -45.3895 -5.06964
1.06869 -43.3285 -4.515
-0.358527 -37.2215 -7.10527
-0.834464 -32.8211 -10.0507
-0.0479002 -42.2208 -13.441
-1.38658 -22.5148 -15.3484
-0.550136 -35.1906 -17.9847
0.465947 -58.2337 -22.9809
-0.221174 -41.2267 -18.4326
-1.61741 -18.6544 -15.6297
-0.155023 -50.9564 -43.9448
-0.0619136 -56.7526 -47.9395
-0.242394 -41.1337 -19.6434
-1.49467 -14.2488 -21.9155
-3.01254 2.42982 -15.344
-3.64163 26.3788 -19.878
-12.2932 245.909 -23.9065
-1.44767 -7.61325 -29.9083
-0.495282 -36.0556 -36.1784
-0.424748 -38.4832 -34.232
-0.723028 -26.4052 -42.1971
-0.236289 -46.3179 -39.715
-0.809594 -28.0344 -25.7418
-1.46096 -10.5228 -26.5073
-0.128133 -45.8841 -26.5953
-0.114211 -46.7369 -27.8842
0.142041 -54.3851 -28.6814
0.0890792 -53.4373 -29.6704
0.616292 -71.0557 -31.4586
0.139673 -58.3376 -35.0806
-0.298243 -41.6461 -28.0986
-0.302082 -41.6292 -28.5859
-2.14111 9.50741 -27.7184
-0.154837 -45.4194 -27.3308
-0.0549743 -48.3111 -27.7054
0.446616 -68.4982 -34.4315
1.03213 -96.2476 -39.422
0.225764 -56.6612 -28.5062
0.196374 -57.21 -30.5306
0.096062 -53.853 -30.0269
-0.188553 -43.5456 -24.1569
-0.308996 -41.0572 -26.5018
-0.73061 -29.7848 -26.9104
-0.539405 -34.9778 -25.9732
-2.84818 20.4597 -24.0538
-0.388939 -38.7943 -25.0544
-1.17067 -18.8407 -25.5937
-0.175645 -44.471 -26.1177
-0.0042504 -50.0607 -28.4161
-0.265869 -41.6775 -24.1556
-0.796259 -28.7599 -24.4995
-1.75461 -9.30218 -21.323
0.183563 -58.1674 -32.5369
-1.67157 -11.3577 -21.0823
-0.50297 -35.9094 -26.9952
-6.50715 111.151 -24.4989
-0.501022 -36.0128 -22.9082
21.0782 -603.325 -26.2917
0.56016 -65.9115 -28.2373
0.635508 -72.0526 -31.8077
1.36483 -103.388 -36.1982
0.323613 -70.4983 -42.1082
1.01835 -101.349 -43.1677
0.397673 -77.5225 -46.5151
0.615617 -83.2889 -42.5564
0.0724287 -51.9672 -27.9305
0.406831 -62.6195 -29.3961
1.64129 -90.4434 -25.422
1.14925 -81.3325 -27.4964
1.37311 -94.7252 -31.384
0.300104 -77.2098 -51.8729
1.0958 -107.575 -44.987
1.09271 -95.6587 -37.5394
2.66875 -133.667 -30.839
0.146173 -66.4482 -47.4986
2.94705 -216.173 -52.3555
0.234863 -66.9367 -42.3509
0.431335 -78.3546 -45.7176
0.304885 -66.3293 -37.8481
-0.00198654 -56.2733 -41.0508
-0.0291455 -51.107 -32.233
-0.213285 -46.0167 -35.3025
-0.295294 -41.6228 -27.5492
-0.205371 -44.826 -30.1121
-0.316144 -40.4509 -24.0846
-2.79722 23.0708 -25.7158
-0.225975 -41.9567 -21.5492
-4.14571 45.233 -22.2937
-1.2277 -12.7093 -31.9144
-0.566596 -33.3 -38.4306
-10.9268 222.989 -24.8403
-4.79827 37.509 -17.1257
-8.54788 130.176 -20.656
-23.1132 357.307 -17.3972
-1.52528 -18.914 -16.7682
-5.033 48.1089 -18.5737
-6.82577 39.2361 -11.9191
1.40197 -51.0414 -7.79878
1.21881 -68.0554 -18.6001
41.7393 -1124.42 -25.7678
1.06326 -76.9556 -26.1997
4.26419 -181.162 -30.4799
2.08233 -107.971 -27.8786
1.65027 -108.58 -33.7946
11.1934 -379.238 -29.3562
-0.223323 -43.7103 -27.9443
2.1443 -115.077 -29.9212
20.1986 -650.674 -29.6985
0.742937 -67.9387 -25.6926
1.2336 -103.26 -38.8823
1.16572 -92.1319 -33.7507
2.04193 -128.792 -36.5516
4.02148 -196.108 -35.4342
3.01739 -160.645 -35.4671
2.60359 -141.211 -33.9287
5.72903 -188.159 -24.4244
8.81587 -246.564 -22.5984
20.2434 -494.311 -22.0921
0.734967 -46.0512 -7.97167
0.513499 -51.6543 -15.3248
1.30839 -57.4203 -11.7547
2.26307 -67.6125 -11.3804
2.63199 -71.806 -11.3788
0.688772 -41.2518 -4.20808
-0.50209 -36.2667 -2.26789
0.426209 -89.9797 -58.6814
0.207896 -75.3401 -56.0559
0.0761771 -69.0308 -57.9579
0.0520362 -71.1227 -64.4153
0.705575 -114.864 -65.7918
0.540036 -101.608 -63.4921
0.562545 -91.1576 -52.1909
0.133401 -79.8041 -69.9462
22.7264 -1400.63 -58.7694
-2.07551 -6.76304 -18.6112
0.0604747 -47.898 -21.1276
0.34247 -56.424 -24.2178
153.961 -4153.46 -26.657
0.552006 -87.0242 -48.7474
0.523156 -77.2946 -40.5208
-2.35086 -6.52059 -15.9896
-3.0062 1.72812 -15.1038
-0.0153013 -61.8608 -54.0111
-0.00502651 -65.3683 -60.1167
0.297125 -75.4516 -49.832
-0.163407 -52.8996 -51.0532
-1.60392 13.3648 -44.5272
-1.1767 -26.1104 -14.8044
-5.17879 31.606 -14.4778
-13.2842 210.859 -19.3157
-3.58316 36.6702 -23.5793
-3.21273 31.6702 -24.9502
-5.2559 103.001 -29.2196
-9.46661 279.467 -35.1708
-0.601644 -31.6185 -41.3904
-0.288001 -45.7462 -47.1026
-0.236004 -50.4202 -55.9105
-0.105327 -56.2034 -51.9369
-40.313 2107.45 -53.8299
-0.079591 -60.2739 -58.6209
0.0137949 -69.431 -65.9511
0.0675632 -75.9474 -71.2919
0.207777 -87.269 -73.1953
0.221702 -88.1187 -72.9566
2.00873 -71.6867 -14.1709
4.93973 -125.646 -16.4596
9.47481 -188.933 -15.3196
60.0611 -1208.49 -19.3593
12.2921 -294.147 -20.1749
4.30963 -188.336 -31.6864
4.75899 -249.905 -40.7058
0.778018 -90.848 -43.068
3.85742 -243.077 -47.5791
12.9619 -696.677 -49.097
0.719544 -100.042 -52.7625
0.523737 -93.9047 -56.9052
0.870259 -100.486 -47.2369
0.617389 -79.1359 -38.7333
7.15613 -318.333 -36.8928
1.74377 -111.725 -33.7882
31.6854 -456.868 -13.0717
0.983259 -52.8399 -11.2393
0.634803 -50.2765 -12.4436
2.5069 -73.2104 -12.3228
0.587493 -72.1434 -33.3113
7.72251 -350.279 -38.2386
2.04458 -166.201 -51.2809
10.2682 -732.641 -64.7352
1.20458 -155.146 -70.1921
1.17622 -133.597 -58.4446
4.35197 -385.367 -72.1132
0.516208 -101.958 -65.3467
0.61747 -98.3569 -56.108
0.189218 -97.6308 -90.4864
1.15806 -170.999 -81.8029
0.536723 -129.628 -91.0252
0.373622 -109.677 -85.1053
0.723419 -132.893 -79.6981
0.242401 -89.0953 -72.2267
0.224848 -88.9303 -73.7725
0.640996 -112.715 -67.6501
0.572952 -136.22 -94.1285
0.750227 -136.07 -80.5377
1.25754 -185.733 -85.5807
0.633443 -106.69 -62.7358
1.00432 -111.638 -50.4652
1.02191 -157.887 -80.496
0.123438 -87.8792 -84.2785
0.367132 -111.596 -87.993
0.557272 -140.613 -99.7402
0.641381 -149.084 -99.8123
-0.642572 -29.5319 -43.9401
-1.70463 23.6433 -49.292
-1.15219 -2.85226 -50.4006
-0.417418 -40.0563 -52.8064
-1.38631 6.33126 -47.486
-0.542051 -34.0081 -42.8299
0.0774171 -80.193 -77.5515
-0.766536 -25.7985 -37.7746
-0.47557 -36.7201 -32.4419
-2.67536 23.3104 -27.2585
-1.82323 -26.3583 -7.44697
-1.51591 -29.3922 -6.72162
-1.96974 -19.7218 -11.1911
0.0764053 -81.0488 -79.2051
-63.1689 3133.84 -50.5002
0.0860732 -35.1571 1.98407
0.598291 -134.961 -90.7762
2.05994 -268.033 -95.9656
0.104089 -53.1549 -28.4425
0.0987355 -53.9883 -30.1207
-0.289496 -41.7944 -27.6087
2.38017 -94.3272 -20.2281
1.80926 -82.2956 -20.0179
3.50889 -119.803 -20.8896
4.73056 -154.405 -22.6297
4.9045 -176.823 -26.0566
2.13664 -103.268 -25.5101
2.32348 -116.394 -28.4829
2.27388 -97.7924 -22.2608
14.1364 -270.219 -15.9946
2.7174 -74.4726 -11.9075
1.7615 -85.2754 -21.7671
3.3104 -105.446 -18.2017
97.9245 -1634 -16.2347
3.33812 -94.8945 -15.3126
4.61761 -106.912 -13.8292
14.554 -239.244 -13.4914
36.1238 -462.855 -11.6506
3.88846 -90.9567 -12.4877
3.1219 -108.341 -19.9539
2.71667 -102.708 -20.7191
3.8633 -96.6026 -13.8572
6.18779 -187.586 -22.6602
1.45996 -86.1205 -25.5692
5.20409 -101.018 -11.3691
-0.879527 -25.1925 -28.4064
-1.34617 -16.8004 -22.7352
-3.81082 23.6178 -18.0347
2.14317 -61.8216 -9.69851
-0.214523 -35.707 2.15367
-5.06289 43.2426 -17.3885
0.284798 -35.7474 0.711045
-16.4125 220.12 -16.1027
3.58901 -117.554 -19.9276
0.399222 -100.936 -72.8052
1.36509 -127.258 -49.0701
50.4531 -2506.74 -48.4954
0.537694 -82.1434 -44.6714
2.04689 -151.25 -45.3373
1.25622 -118.574 -47.1548
1.9841 -155.27 -48.1146
49.4315 -2232.28 -43.99
2.91898 -234.895 -58.2811
0.891343 -125.613 -64.7244
1.12934 -125.411 -55.0783
2.45266 -191.849 -52.8861
1.52877 -158.187 -60.42
5.31885 -342.942 -52.8019
2.34103 -202.16 -58.1588
3.20183 -223.072 -58.1348
0.872487 -108.391 -54.5303
2.1992 -169.467 -49.5459
0.988503 -114.609 -53.0173
7.64841 -516.991 -59.075
4.61517 -359.838 -63.3925
1.71487 -146.26 -49.9043
7.05585 -343.495 -40.7184
7.11068 -393.004 -46.9396
-2.39842 35.901 -37.8038
-2.35076 53.8531 -48.4117
-0.521203 -35.0121 -39.4236
-0.409834 -39.3758 -39.0829
3.37144 -213.651 -45.946
0.508414 -77.6796 -41.5062
0.698842 -81.0497 -37.688
6.31946 -260.003 -32.859
1.37437 -108.037 -38.5082
0.958714 -99.9022 -43.9468
1.7268 -130.679 -42.6024
8.4634 -440.85 -45.1913
0.343428 -84.5747 -58.0237
0.351753 -79.5173 -51.4306
0.442018 -86.2503 -53.6771
0.251144 -69.9592 -45.5046
0.66781 -86.0842 -43.0529
-0.514778 -35.0861 -46.2748
-2.01392 21.3015 -37.7618
0.247632 -61.3913 -34.0843
1.5721 -111.984 -36.7284
0.447159 -74.8698 -41.2204
1.07422 -85.9723 -31.7855
0.196061 -50.5632 -20.8365
-0.298032 -40.7765 -23.5043
0.036187 -49.3626 -24.8962
2.39767 -122.548 -29.883
1.4925 -84.9341 -24.5504
0.629528 -63.6163 -24.4327
5.46799 -205.003 -28.3226
3.07657 -141.018 -29.3732
1.39624 -85.4979 -26.1033
-0.676988 -31.3573 -26.2227
-2.30243 8.90097 -24.9188
-0.734436 -29.607 -27.2149
0.385742 -51.6234 -17.5287
-0.0369044 -44.8908 -19.025
-1.02729 -23.4166 -23.9113
-2.47908 11.0085 -23.766
-0.416656 -36.9914 -21.1
-0.631142 -32.6856 -25.3379
-0.719526 -30.7049 -24.2173
2.08217 -65.4961 -11.358
0.862872 -53.2971 -12.5787
1.90342 -67.5823 -13.0789
0.836757 -53.0174 -12.6155
0.251629 -46.9278 -14.3611
1.41572 -58.5359 -11.6779
3.03662 -74.4696 -10.8283
0.183558 -56.1241 -29.4971
0.493219 -74.3478 -38.7551
0.447843 -68.934 -34.8517
-0.000343556 -50.6871 -29.4717
-0.382821 -37.4446 -10.8461
0.313031 -41.7715 -6.82885
-0.126008 -38.7014 -6.63029
-2.34637 -20.3603 -8.57857
-41.4818 390.949 -10.4224
-14.1642 147.848 -13.4652
-0.953375 -28.8093 -16.111
-0.233332 -40.2791 -15.5985
-1.26635 -22.1013 -18.2526
-1.47505 -23.8402 -10.9888
-0.551513 -35.897 -14.8808
-0.498548 -36.2159 -8.18127
-2.31164 -10.6131 -12.0961
-0.433245 -36.9093 -20.2174
-14.187 91.0854 -9.2991
-0.720169 -32.4795 -19.1563
-20.8565 354.911 -19.2072
-0.364686 -36.0458 2.02918
-0.172875 -35.7825 1.63049
-0.530834 -36.3366 0.931033
-0.272131 -36.1683 0.596135
-0.233755 -36.8405 -2.13143
-0.052812 -37.0182 -1.65426
-0.0808139 -37.9005 -3.93155
-1.16042 -33.5448 -4.0971
-0.297675 -36.8637 -2.9668
-1.37309 -36.104 -0.218525
-0.991673 -36.4542 0.31182
-1.49009 -37.0838 0.78532
-0.653515 -36.5685 1.64456
0.0360405 -36.1702 0.242177
0.257013 -37.4567 -1.55498
0.34505 -39.642 -4.0121
-1.04387 -33.5014 -5.03521
-0.692604 -34.9642 -6.53464
-1.76268 -26.2232 -7.907
-179.528 1549.06 -8.85478
-1.49992 -25.2925 -10.8816
-2.56402 -12.5275 -11.453
-1.38711 -6.56186 -14.0851
-5.15796 29.1535 -14.0171
-1.50918 -35.6539 -0.630469
-0.491796 -36.2928 -1.42231
-0.579939 -35.9923 -3.33909
-0.808942 -24.5839 -17.246
-0.76205 -31.7378 -16.6741
-0.421204 -37.8356 -22.8238
-0.317128 -39.9766 -21.4566
-4.0637 -19.1789 -4.78823
-1.4919 -31.9347 -4.34826
-1.81055 -26.9386 -7.07948
-1.43891 -26.6316 -10.1712
-0.738934 -32.9469 -13.384
-2.38123 -6.71294 -15.6314
-1.52832 -17.5404 -18.0404
-1.33104 -17.2595 -22.5984
-0.432833 -37.325 -18.4281
-1.05853 -27.3711 -15.6619
-0.79961 -22.6221 -43.9708
-3.70478 117.647 -47.8656
-0.821311 -29.6945 -19.8456
-2.7875 14.2276 -21.9779
-2.78133 -1.04724 -15.3747
-5.35101 60.5733 -19.9224
-5.69202 88.941 -24.0685
-4.7376 91.0574 -29.9729
-4.00863 90.2441 -35.949
-8.08806 223.449 -34.1796
-1.35708 0.123185 -41.9359
-2.01677 24.1973 -39.5864
-14.3688 324.281 -25.978
-6.41328 122.565 -26.8136
-2.06605 6.01413 -26.8228
-0.793949 -27.9321 -27.3956
-1.89272 4.14648 -28.8036
-0.960451 -22.3522 -29.5542
-0.808711 -26.255 -31.3715
-1.67142 4.48915 -34.4823
-2.47378 17.741 -27.2209
-118.164 3226.07 -27.7234
-5.43081 98.374 -27.2492
-0.507234 -35.7931 -27.0643
-1.07919 -20.0617 -27.4907
-0.973294 -19.752 -34.1357
-31.1739 1147.29 -38.5718
-2.60405 24.0237 -28.5146
-1.2975 -11.5419 -30.6037
-1.01158 -20.8001 -29.6329
-1.18417 -19.651 -23.9321
-2.43604 14.8904 -26.2847
-2.58836 19.392 -26.5218
-62.0852 1552.82 -25.7987
-2.69514 15.9274 -23.6682
-2.67766 18.6639 -25.1072
-56.4422 1381.84 -25.3448
-20.4735 486.737 -26.1714
-1.66608 -2.95751 -28.3145
-0.434315 -37.5976 -23.9515
-4.15301 54.1935 -24.6945
-2.16555 -0.291288 -21.4711
-2.42379 26.4028 -32.4
-4.58273 50.1596 -21.1173
-1.33884 -13.4945 -26.8193
-5.23987 80.6192 -24.6074
-30.1728 652.024 -23.1881
-5.38161 92.3434 -26.2907
-1.63884 -3.79586 -28.2563
-3.86656 70.2972 -31.5559
-0.834399 -23.9752 -35.634
-10.3682 371.256 -41.2521
-2.82709 62.6487 -42.3119
-0.914629 -16.8542 -45.6382
-27.4107 1090.46 -41.8527
-2.73811 26.0277 -27.7061
-4.09806 70.3647 -29.5507
4.76029 -169.18 -25.3164
1.29971 -84.5211 -26.9661
1.40849 -95.3245 -31.1146
-2.19967 51.2513 -51.1659
-0.486255 -36.401 -44.1676
-3.20609 64.1856 -36.9764
-2.04211 11.4685 -30.7471
-1.95044 32.5685 -47.109
-3.20109 105.593 -52.31
-4.95555 150.515 -41.821
-6.45512 236.145 -45.6619
-2.05421 21.9654 -37.214
-6.89333 226.489 -41.0301
-1.61316 -0.657123 -31.6926
-1.391 -4.68501 -35.0314
-1.94422 3.22078 -27.1488
-96.5921 2830.05 -29.8256
-2.80447 18.8428 -23.8097
-2.55931 16.3452 -25.4224
-1.1673 -21.7659 -21.4107
-19.0817 376.745 -22.2148
-2.73911 35.2723 -31.8015
-1.2222 -8.58948 -37.7695
-2.95809 24.996 -24.8203
-3.60213 16.9836 -17.1127
-4.63103 49.5529 -20.7246
-6.76103 75.0362 -17.7497
-1.59422 -15.7753 -18.5616
-6.20347 33.8664 -12.2774
-1.70076 -27.4467 -7.30152
-29.0926 492.173 -18.4754
-0.612647 -33.1449 -25.4134
-0.595947 -33.5245 -25.8309
-1.16155 -16.037 -30.1066
-0.860381 -26.104 -27.4177
-9.49838 264.419 -33.3766
-9.81089 233.155 -28.9041
-11.3163 259.41 -27.3104
3.22693 -147.622 -29.9621
0.674293 -81.1215 -38.5454
0.647875 -74.7657 -33.8488
0.656598 -77.9721 -36.3908
0.518715 -72.0119 -35.4552
3.06003 -156.058 -33.7484
2.83581 -114.691 -23.5812
14.3127 -365.102 -22.2145
4.66843 -149.91 -22.0307
-1.14587 -31.4991 -7.3002
-0.756369 -26.3096 -14.4517
-1.07086 -30.008 -10.8017
-10.5072 194.881 -10.6879
-2.40181 75.2388 -58.2978
-0.752003 -21.7782 -55.1218
-1.68431 33.1298 -58.0634
-1.02995 -1.40997 -64.445
-0.698024 -22.6144 -65.3366
-0.34114 -45.5448 -62.7112
-2.93735 89.077 -51.1994
-1.35611 13.5173 -57.4228
-10.5805 153.053 -18.7626
-5.57916 71.6289 -21.2012
-1.89678 -2.37643 -24.0885
-3.43336 41.8123 -26.525
-0.748259 -23.8913 -47.7787
-1.18062 -8.60987 -40.0096
-4.97699 36.0671 -16.1226
-0.566115 -32.094 -54.2273
-2.37891 78.2756 -60.6108
-1.75846 27.2467 -50.0404
-3.09875 96.7506 -50.9732
-15.0366 602.666 -43.9209
-1.4638 -11.831 -25.0885
-2.26705 15.34 -29.035
-2.43504 31.2938 -34.7256
-2.96565 64.3019 -40.6125
-2.00848 33.9485 -46.2179
-6.95947 327.177 -56.1709
-1.06163 -6.527 -51.9523
-0.78795 -20.2041 -53.7608
-0.80943 -17.1287 -59.7474
-0.739813 -19.6096 -66.4293
-0.598341 -28.4737 -71.2929
-0.256597 -53.2386 -73.0214
0.686168 -52.8195 -14.0642
0.898719 -58.4863 -15.9942
3.05311 -88.9315 -14.8612
1.28631 -69.2181 -18.5478
0.395896 -53.447 -19.3892
-1.27021 -11.7916 -31.3529
0.140581 -61.5117 -40.0749
-0.0929632 -52.9782 -42.1618
0.507014 -82.847 -46.7546
0.0588125 -62.5971 -48.0437
-0.495986 -35.9155 -51.7071
0.768488 -106.366 -55.7384
-0.149075 -52.0508 -46.3982
-0.378431 -40.4832 -37.9942
-0.0954883 -50.5294 -36.2035
-0.355236 -40.7305 -33.2405
4.85798 -105.543 -12.9514
7.52467 -341.863 -38.1324
5.01023 -313.944 -50.492
0.0654953 -71.4509 -63.443
0.453141 -101.407 -69.1374
-0.631 -28.1308 -57.35
-0.00811661 -70.2603 -70.6848
-0.721773 -21.3762 -63.9923
-2.4455 71.3614 -55.0151
-0.148808 -60.2878 -70.6031
-0.383745 -43.2134 -65.9567
-0.146209 -63.306 -78.882
-0.356313 -44.384 -61.1289
-0.785785 -21.596 -49.4689
-0.568943 -40.3118 -81.2391
-0.428948 -45.6381 -89.4729
-1.09692 12.9676 -91.9258
-0.596764 -49.6863 -93.6366
-0.212324 -73.583 -97.5118
-0.311903 -70.1153 -98.9231
-0.500556 -61.354 -101.962
-0.82046 -2.53812 -101.747
-2.9218 68.9587 -43.2583
-1.0877 -7.27205 -48.4487
-3.2893 104.792 -50.3764
-0.460211 -38.516 -78.144
-1.76424 11.6984 -37.6248
-3.11409 48.3645 -32.2461
-2.35286 14.2657 -27.1224
-1.62804 -27.7307 -7.51826
-4.10053 254.525 -80.5173
-0.0127163 -79.3797 -90.0984
0.987099 -136.892 -82.5288
-6.13233 125.085 -28.5951
-1.90845 6.41573 -30.0829
-1.48244 -9.19629 -27.2692
0.85233 -74.8138 -28.7236
1.46363 -75.4055 -20.0326
23.2848 -522.437 -20.4489
4.66697 -152.998 -22.6358
2.18839 -95.361 -22.0634
0.995753 -73.9561 -25.3705
2.10414 -101.159 -25.0165
1.89568 -103.183 -28.0527
1.85343 -72.5756 -15.4901
3.11345 -78.9843 -11.8507
0.945875 -66.3385 -20.9422
1.80787 -76.8239 -17.6473
5.51105 -130.783 -15.7485
3.13149 -91.5652 -15.267
3.11641 -86.6213 -13.9594
19.4698 -271.956 -11.8075
5.36728 -109.532 -12.5062
2.02508 -86.3341 -19.9058
17.9214 -409.633 -20.2789
2.3561 -75.2441 -13.691
193.576 -4267.23 -21.8016
5.40086 -182.494 -24.8235
-32.4801 874.131 -28.4585
-21.1752 436.639 -22.862
-10.0151 137.99 -18.295
0.406548 -104.664 -76.3749
-0.711595 -19.7091 -74.3893
139.618 -9326.37 -66.307
-0.303886 -48.2428 -64.6697
0.217825 -98.2668 -87.7224
3.23217 -340.002 -81.6242
0.497134 -98.9427 -63.5519
-0.104469 -60.194 -62.2093
0.176795 -82.4118 -69.3037
-0.998059 -1.2608 -68.7722
0.427381 -107.836 -78.1006
0.252325 -77.1959 -55.1992
-0.711665 -24.2735 -53.9034
-1.87715 5.47231 -30.0814
-43.3829 1247.72 -29.9345
0.25724 -107.365 -95.2846
-1.77026 -4.83917 -24.5449
-5.6435 90.7481 -24.6456
-3.96837 34.2707 -20.2795
-13.9308 235.779 -20.2404
-9.6038 276.474 -34.3131
-3.09328 51.8925 -33.8582
0.261736 -93.6514 -76.4376
-0.746588 -24.7876 -76.0547
2.05851 -257.929 -87.0129
0.108307 -86.3871 -86.3947
0.237947 -96.5479 -82.9271
0.327936 -73.137 -45.1169
-1.0805 -10.0603 -44.3266
0.316732 -94.8489 -72.7048
-0.382911 -43.8314 -71.2835
0.159455 -83.5602 -72.9301
-4.51863 257.581 -72.9221
0.420522 -100.862 -71.0191
1.29072 -158.216 -68.5194
-1.42911 28.1381 -68.5115
0.253676 -81.621 -61.0603
-0.222285 -52.2984 -60.0829
-1.27261 -5.23191 -39.6239
-2.50533 42.7426 -39.1921
0.433982 -90.893 -59.1769
-0.237857 -50.8041 -57.8545
0.532619 -117.19 -79.212
-0.0175839 -72.915 -77.7416
0.263824 -108.777 -96.3283
11.1555 -790.957 -64.8106
0.056273 -70.9021 -63.5096
0.315915 -102.516 -82.309
-0.0802103 -69.1658 -80.4826
-0.59062 -32.5708 -36.5278
-7.07899 201.391 -36.066
1.31599 -145.392 -61.9572
0.174989 -92.891 -85.2839
0.15448 -85.5247 -76.5492
-0.621621 -20.4861 -76.9001
1.29048 -171.247 -75.8535
-11.1501 195.633 -21.7541
-52.7811 1105.83 -21.841
0.923427 -155.059 -84.1068
0.168721 -89.7354 -82.9659
-0.66876 -27.5155 -48.7448
-0.886133 -17.137 -48.1983
-6.74303 136.383 -27.6093
-1.91653 3.06425 -27.5655
-2.65955 2.33568 -17.7955
-12.7613 182.687 -17.8432
-1.16755 -7.20009 -42.8562
-1.57641 9.37805 -41.9884
0.551379 -108.004 -68.9501
-1.90041 60.8057 -68.7793
4.83823 -438.958 -75.5911
-2.94958 150.57 -75.9321
-2.16064 7.16836 -25.9956
-2.00496 3.40626 -26.1834
0.366323 -92.4632 -65.6968
-12.7125 769.664 -65.9332
-0.30068 -45.8397 -50.7783
-1.45919 12.2684 -50.0374
0.685292 -142.266 -91.0372
-1.37905 9.73744 -51.6986
-4.63749 176.36 -51.2566
0.459246 -88.674 -55.2586
-0.803308 -19.2311 -54.2293
0.528708 -71.8212 -34.9194
-1.31206 -7.79874 -34.6085
0.161825 -88.7379 -80.6248
-4.21476 270.251 -82.2691
-1.56496 12.9818 -45.7833
-1.87422 25.3966 -44.5245
2.42086 -240.483 -70.1797
0.825502 -127.791 -69.6246
0.7054 -146.572 -92.3575
3.7211 -199.11 -38.6756
9.66627 -425.906 -38.3666
2.94278 -280.716 -71.2303
0.385019 -97.4713 -70.0235
0.376133 -87.5397 -59.2579
-4.2449 187.981 -59.7073
-0.697533 -29.1794 -34.0681
-1.68783 4.41113 -33.9454
0.588123 -84.4366 -44.709
-32.0059 1346.14 -43.8629
0.197038 -74.2776 -55.3939
-0.904133 -13.3847 -55.1407
2.51104 -119.895 -27.8693
-1.18258 -17.1008 -27.6614
0.103925 -72.9881 -61.9226
-1.27074 12.0346 -61.795
-0.129756 -56.021 -54.9641
-2.0047 47.855 -55.5057
-1.39991 18.4454 -60.0707
-0.473974 -37.1858 -60.7385
-6.6983 59.2959 -15.3942
-597.917 9199.01 -15.4584
1.01769 -188.969 -101.356
-0.225693 -73.3709 -100.308
-0.73528 -31.5545 -19.2269
-6.00654 70.9417 -19.4346
-2.39834 19.6647 -29.3034
-9.31321 220.081 -29.0526
1.33069 -142.566 -58.4118
-0.742743 -21.7603 -57.2004
0.227045 -80.1036 -61.2121
-1.55047 28.0243 -60.5743
0.522217 -88.9227 -52.0622
-0.672565 -26.877 -51.2075
0.577099 -80.4496 -41.4303
0.60067 -81.2707 -41.2876
0.717624 -79.4348 -35.7623
-3.1922 59.2084 -35.3254
-0.0728654 -59.3439 -55.4355
-1.05317 -4.87432 -55.6584
-6.35417 65.1747 -17.2996
-20.6199 313.421 -17.3719
6.47256 -681.044 -92.6206
-2.10611 44.7463 -93.1181
0.423743 -67.8515 -34.5858
-1.73708 6.55355 -34.3226
1.1429 -105.909 -42.6674
-1.29002 -2.71164 -41.9076
-0.82998 -22.5352 -40.3136
-1.77893 15.1214 -39.8492
-3.46278 6.92144 -14.5313
-4.35606 20.3881 -14.657
-0.883298 -17.2737 -48.1982
-1.63875 18.3316 -47.4971
-0.435975 -38.7391 -46.3982
-1.03758 -10.9679 -46.1389
0.373451 -61.3395 -29.0494
-5.04577 95.3227 -28.882
35.3954 -2329.71 -63.9117
0.669333 -65.0027 -24.7901
-0.391106 -38.6829 -24.4682
-0.539068 -35.4807 -16.1803
-0.86905 -30.1554 -16.1438
5.86446 -393.622 -56.2444
1.24796 -134.613 -56.6148
3.46851 -242.468 -52.1013
11.4299 -732.13 -58.3824
0.0843441 -68.9859 -57.0535
0.455248 -59.682 -24.7758
-0.536572 -35.1212 -24.5179
-1.43936 -20.8547 -16.2424
-12.0158 152.675 -16.3936
-0.148128 -53.0545 -49.2172
-0.825327 -19.6901 -49.3198
0.988075 -68.4866 -21.7984
-10.6149 183.14 -21.67
1.12389 -128.832 -57.3859
3.88799 -284.759 -56.7706
1.25213 -87.9602 -29.6788
-2.45337 22.0914 -29.7178
4.41557 -353.916 -64.765
0.276269 -84.9074 -63.5533
0.0671738 -54.9587 -33.5772
-0.872321 -23.6525 -32.9534
1.86036 -156.971 -51.3731
3.75326 -253.56 -51.2186
8.48159 -429.391 -43.8222
-0.367496 -41.5025 -42.9804
1.5884 -139.249 -49.5676
0.364986 -77.9413 -48.787
0.405815 -77.9478 -46.5671
-1.07649 -9.43957 -45.6848
7.79574 -485.561 -54.2304
2.46144 -194.503 -53.6283
-63.8691 2315.14 -37.1003
-2.45311 36.1259 -36.8659
-2.59515 18.7879 -26.1495
-31.1844 770.596 -26.2867
-1.40584 -17.9327 -20.0216
-10.731 169.879 -20.1297
-10.6315 760.562 -78.5635
0.611516 -91.9035 -50.5456
-0.528366 -34.3241 -49.6217
78.2133 -3191.05 -40.0849
-1.09 -12.619 -39.3721
-0.779313 -29.2401 -24.2758
-5.49932 86.374 -24.4818
-1.68358 -11.4204 -20.8178
-3.38803 24.5581 -20.9887
-2.37765 66.4981 -54.4166
0.128428 -60.654 -39.4742
-2.01458 22.9339 -38.8152
3.71999 -216.243 -42.7567
-0.373271 -41.1458 -42.0395
-0.0403108 -44.2302 -17.6959
-63.7418 1089.69 -17.8012
-0.391704 -36.9436 -6.66996
-0.807606 -34.1643 -6.68643
-2.75586 36.6249 -32.1632
-2.57305 30.899 -32.237
5.05936 -219.714 -33.0601
-13.446 388.995 -32.8223
-0.478024 -36.7589 -43.6392
-4.53565 139.785 -43.5087
1.25975 -121.826 -48.9194
1.07699 -113.735 -49.4622
5.40561 -196.349 -27.154
-0.341743 -40.2274 -26.7607
-1.6489 -20.0151 -14.0327
-5.63428 36.7458 -14.1951
-14.9242 242.545 -19.3163
-7.20226 94.3805 -19.4645
0.624883 -94.4968 -49.9181
1.38765 -109.164 -38.8363
0.885672 -89.5396 -38.7421
1.89893 -153.394 -49.045
1.90495 -152.365 -48.4918
3.11499 -252.052 -59.872
77.692 -4651.82 -59.0366
-0.62043 -30.9141 -40.8348
-19.6337 740.121 -40.5543
-2.05131 33.5741 -44.7119
2.05058 -113.786 -30.5171
-0.346082 -40.59 -30.1198
1.2935 -119.979 -46.9565
2.04879 -154.372 -46.5339
-15.7174 196.114 -15.2613
-21.9901 297.36 -15.5178
0.0447301 -64.9406 -53.7062
-1.06838 -5.0183 -53.9498
0.342532 -65.7765 -35.4686
-1.55506 1.00886 -34.9813
-0.186756 -47.8179 -38.1671
-4.27111 107.435 -37.9992
-0.146552 -56.6176 -59.4072
-0.380905 -38.1501 -17.2038
-0.852598 -29.9502 -17.4374
-0.00436309 -53.9955 -36.5484
-7.80526 228.366 -36.1727
-0.130276 -50.4818 -39.5855
-1.23472 -6.77382 -39.5694
6.551 -519.445 -68.6329
0.634788 -112.296 -67.6516
1.98716 -130.353 -37.9905
-1.27912 -6.79257 -37.3233
-1.42553 -26.07 -10.9158
-9.82954 68.5194 -11.2212
7.71371 -311.326 -33.5307
-0.374884 -40.0473 -32.976
-1.29624 -15.9795 -25.1571
-7.97275 151.599 -25.1059
-2.75797 -15.4826 -9.17204
-1.91344 -23.056 -9.29321
1.16907 -107.335 -42.8535
1.07473 -102.862 -42.5787
0.423661 -126.384 -98.7503
1.90021 -159.801 -51.701
2.07816 -168.133 -51.3625
0.511392 -136.481 -100.184
-0.46284 -61.7696 -100.247
3.41126 -245.35 -53.6051
0.398066 -82.8538 -52.5072
4.84903 -284.296 -46.4623
2.73841 -185.184 -46.1376
10.9282 -521.094 -42.4634
0.40176 -73.9067 -42.2406
0.699165 -67.5641 -26.324
-3.10796 32.5688 -26.2912
0.688565 -100.144 -54.5703
0.53526 -90.5732 -55.6126
7.12454 -491.223 -59.7554
4.82259 -348.008 -58.6894
-3.27361 1.05663 -13.4125
-4.7442 21.5922 -13.6031
0.147013 -54.0047 -27.8587
-1.4315 -9.99966 -27.8903
-0.136419 -48.2597 -33.9664
-34.4368 944.594 -28.8938
-2.89614 44.8224 -33.6941
-1.53512 -6.30456 -28.6594
0.632568 -66.6949 -27.1124
0.791052 -97.6378 -47.9352
-0.879626 -25.8569 -26.7003
-0.475506 -36.9126 -46.9793
0.113687 -66.2464 -49.7254
-0.756919 -35.073 -4.56274
-13.0552 582.311 -49.2264
-0.922061 -34.2701 -4.6768
-2.76496 23.5078 -26.2723
-3.07189 31.1572 -26.1118
0.156714 -93.934 -89.3154
-0.352782 -48.6453 -90.9142
-0.658258 -32.0135 -25.25
-1.55072 -9.73741 -25.0066
2.74968 -91.7099 -17.1117
1.22138 -65.0228 -16.7987
1.55625 -95.0388 -28.7265
-0.248867 -43.1575 -28.6158
2.62157 -136.342 -32.167
0.456251 -66.5806 -32.0508
16.0075 -1082.41 -63.4159
21.0951 -1391.51 -62.7889
-0.20794 -42.3574 -21.5923
-3.90677 37.9307 -21.7157
-1.66864 -0.195199 -30.594
-1.85444 5.33913 -30.4842
1.42873 -115.495 -41.3063
-0.2115 -47.5098 -40.4635
1.61609 -152.405 -55.1662
0.720487 -101.885 -54.2455
0.251797 -59.0637 -30.7488
-1.21183 -14.2705 -30.4563
0.00120761 -58.5274 -45.3852
-1.94089 29.7514 -45.479
0.713576 -98.1844 -47.541
2.36539 -172.271 -47.6434
-5.23833 52.9751 -18.7953
-2.75883 6.52069 -18.8607
1.58633 -111.421 -36.2057
2.04056 -127.643 -36.1172
-0.228263 -43.3553 -27.1108
-1.68572 -4.22044 -26.7951
-1.59723 -10.9363 -22.8761
-6.14218 91.4802 -22.6012
1.22938 -93.4268 -33.2539
-0.0561406 -50.5202 -32.8882
3.73891 -99.5265 -14.9566
-6.41544 50.302 -14.6114
1.93511 -137.547 -41.7747
4.65348 -248.853 -41.3364
-0.0971362 -48.5072 -31.1901
-4.96029 101.328 -30.7771
0.947395 -94.2338 -40.3458
-1.71108 11.9857 -39.4962
0.222968 -58.771 -31.5833
-1.86821 7.27536 -31.5834
1.40748 -93.2556 -30.0401
-1.24084 -14.0534 -29.5702
-0.263282 -44.4421 -36.1475
-1.09714 -14.4377 -35.9214
1.09012 -67.1372 -19.5347
-1.70535 -13.36 -18.8513
3.00872 -135.784 -28.4466
1.14039 -82.2528 -28.211
-0.245261 -41.4404 -21.1352
-0.678797 -32.2857 -21.0921
1.77183 -131.46 -42.0993
11.0902 -520.793 -41.8435
21.1618 -1143.94 -51.1603
2.26719 -174.302 -50.0781
186.525 -8964.87 -47.7429
0.754968 -94.302 -46.6437
0.0923788 -50.2086 -23.9445
-3.86253 44.7283 -24.0152
1.241 -103.478 -38.8418
0.00427424 -55.1163 -38.1819
3.3323 -200.788 -43.0501
-5.80727 187.657 -42.1072
1.18732 -94.4046 -34.6719
4.74726 -217.177 -34.5463
2.49013 -141.025 -35.1586
-1.0503 -16.8903 -34.5507
-0.233328 -43.3717 -27.713
-0.956554 -23.5387 -27.2648
1.09331 -109.87 -46.5087
1.05225 -107.792 -46.3992
4.1493 -186.896 -32.4713
3.23303 -157.234 -32.4956
1.67965 -123.503 -40.2193
1.38975 -111.394 -39.9798
-61.4024 988.834 -16.8292
-6.11723 58.6978 -16.8771
-1.10232 -21.9803 -23.3285
-0.169381 -43.4221 -22.3195
-1.7544 -7.01438 -23.134
-0.617671 -33.4499 -22.0609
0.170468 -55.3401 -28.8935
-0.897097 -24.4855 -28.9156
-0.280307 -41.8586 -26.699
-1.59603 -7.11027 -26.3558
2.31043 -74.4427 -13.6281
0.802297 -53.3712 -13.2263
0.0877446 -60.4109 -41.8387
-2.71605 56.3804 -41.6071
-0.712247 -31.7523 -20.3223
-1.31014 -19.5959 -20.3294
7.35732 -309.958 -34.8794
0.963636 -86.9469 -34.8769
2.83495 -185.209 -44.8049
0.0405327 -59.5438 -43.933
1.58032 -101.749 -31.6356
5.00679 -210.427 -31.6865
1.42671 -122.563 -45.0402
-24.0055 1008.09 -44.4098
1.07096 -195.017 -101.771
-0.610537 -56.1601 -101.5
0.203881 -57.3061 -30.3384
-10.6911 274.61 -30.4737
0.0939071 -64.8919 -49.0886
-2.1494 45.3813 -49.1803
2.45256 -102.224 -22.4152
1.28735 -74.4391 -21.4768
2.18185 -86.4479 -18.7798
3.29397 -105.47 -18.2873
-0.83841 -30.058 -17.8363
-0.898697 -29.0152 -17.7572
1.7629 -93.126 -25.2403
-0.704884 -30.9118 -24.9004
-0.0818677 -47.8754 -28.4661
-12.7054 307.564 -28.1466
2.74933 -149.137 -34.8493
11.2208 -444.774 -34.8845
2.10167 -165.44 -49.8569
3.97268 -256.446 -49.3466
1.07122 -108.036 -45.9917
0.963715 -102.899 -45.8591
-3.46535 28.0473 -21.6157
-11.6383 206.396 -21.7667
1.44348 -89.5758 -27.5756
0.781173 -71.4339 -27.6715
3.29149 -127.641 -24.1643
-0.113075 -45.2329 -23.7948
-3.18195 32.8344 -25.6676
-0.875221 -26.5247 -25.2772
1.24408 -100.674 -37.154
1.14344 -51.3917 -9.24881
0.130492 -59.1525 -36.9172
0.0876247 -41.3102 -8.69959
-0.220623 -43.4152 -26.5613
-10.8239 237.506 -26.4922
-0.315748 -37.9874 -9.77759
-1.27564 -28.5738 -9.81339
2.43163 -100.009 -21.8174
-0.956501 -26.3544 -21.2502
0.823983 -84.4195 -36.6622
2.14982 -71.5845 -13.3743
0.967272 -55.6213 -13.2731
1.04261 -104.082 -44.2687
0.544565 -81.9661 -44.2027
1.85669 -90.0573 -22.9225
0.107711 -55.1801 -31.6658
0.78581 -64.6422 -22.2415
-7.72818 191.446 -31.4581
3.8391 -155.689 -27.5877
0.581123 -65.2493 -27.0649
-0.0563341 -48.1812 -27.4919
-1.98664 4.74113 -27.3948
0.113147 -53.2519 -28.1755
-3.39715 45.4477 -28.1051
3.62672 -147.468 -27.014
1.12312 -78.5854 -26.2378
0.729706 -48.5298 -10.0405
-1.79615 -24.3357 -9.1481
1.12736 -61.8722 -15.8264
0.66259 -54.1832 -15.5368
93.076 -3135.2 -33.1204
3.08926 -154.892 -33.1469
1.17708 -82.5327 -27.7577
0.527549 -63.8782 -27.1425
3.49722 -135.15 -24.8012
0.769646 -66.9537 -24.3643
1.62324 -90.3481 -25.5942
-0.934758 -24.9886 -25.347
-1.19936 -19.7299 -23.3095
-1.35014 -16.1478 -23.3879
5.58489 -239.502 -33.4576
9.49047 -368.163 -33.2562
2.06806 -132.976 -37.8143
1.14309 -97.8257 -37.7084
-0.160143 -44.5542 -25.1382
-7.75167 146.245 -25.133
6.76947 -144.972 -14.9729
-0.817033 -31.6144 -14.2583
0.948864 -106.707 -48.9821
1.00266 -108.543 -48.4463
4.03007 -228.357 -42.5036
0.339594 -70.9068 -41.7891
9.22241 -206.61 -17.5381
1.53548 -70.4036 -16.8502
-0.0268388 -38.6641 -5.12556
-0.760385 -34.8836 -5.20172
26.633 -866.77 -30.6203
1.41716 -93.5755 -30.0552
1.01194 -73.0175 -24.4712
-1.3478 -15.5705 -24.1235
1.98357 -130.485 -38.0992
0.806878 -85.6968 -38.1322
-0.548493 -34.7969 -25.0526
-5.43653 87.5495 -25.03
6.4592 -191.282 -22.307
3.95851 -132.497 -21.6319
1.52441 -55.6679 -9.62272
-0.831483 -33.2394 -8.9182
0.100558 -52.7882 -27.9905
-3.04826 34.6104 -27.702
-0.158602 -45.4694 -27.7941
-0.861226 -26.0386 -27.531
-0.316638 -36.4033 -0.616207
-0.492562 -36.294 -0.828031
-0.0192897 -49.2036 -27.5005
-1.68972 -3.16453 -27.585
2.03271 -58.0626 -8.63256
1.10476 -49.7718 -8.45666
20.9156 -1017.3 -45.8324
2.40487 -167.77 -45.4376
2.98939 -116.833 -23.1557
0.84758 -66.0405 -22.2598
1.61261 -84.4675 -22.9249
-0.94464 -26.2105 -22.1184
6.77627 -141.935 -14.541
0.61989 -52.1087 -14.2639
3.72689 -140.345 -24.6823
2.43765 -105.839 -23.7649
-0.336763 -40.1916 -25.6476
0.100702 -53.1595 -28.6137
-9.45958 194.609 -25.7393
-118.73 3352.62 -28.661
0.896037 -42.2436 -4.29451
-0.549506 -36.0303 -4.38424
0.874561 -40.4645 -3.05699
-0.990291 -34.6982 -3.1875
112.872 -2459.29 -21.3742
3.00842 -108.882 -20.7562
17.1042 -364.219 -18.6395
133.072 -2436.99 -17.9745
-0.273999 -42.0398 -26.7589
-1.37038 -12.8463 -26.5951
-0.0197852 -36.8449 -1.16798
0.338562 -36.4003 -0.124485
-0.852055 -35.7037 -1.63316
-0.347116 -36.3397 -0.299448
3.30002 -72.9465 -9.6735
-1.54631 -26.667 -9.10488
1.50346 -80.4521 -22.1654
13.7243 -344.721 -21.7003
9.47934 -163.738 -12.7851
0.763443 -51.9672 -12.5154
7.44279 -225.306 -23.8305
28.2492 -722.623 -23.8823
0.162117 -65.3554 -44.6553
-4.17246 126.572 -44.2117
-0.594315 -33.318 -28.1827
-1.53909 -7.54514 -27.3702
5.96559 -107.587 -11.0455
2.94195 -73.3753 -10.8082
1.83127 -106.728 -30.3598
1.13209 -84.8819 -29.9778
0.921058 -68.0913 -22.5544
-4.47841 50.2415 -21.864
0.680657 -40.3064 -3.42874
-1.64051 -32.4159 -3.36955
2.26443 -93.2287 -20.6795
0.654705 -59.0435 -19.8951
0.533175 -66.7048 -29.7594
-1.14469 -16.6664 -29.9209
4.09833 -148.144 -24.3839
2.68249 -112.198 -23.9353
6.5255 -147.949 -15.9181
17.6107 -316.809 -15.4985
1.57638 -61.6325 -12.2689
1.31983 -58.3602 -12.2
-2.44387 13.9509 -25.6988
-8.12211 162.418 -26.0319
4.60814 -108.633 -14.1926
5.66029 -121.851 -13.9138
4.10267 -94.3084 -12.6351
1.59162 -62.4971 -12.5947
0.955355 -61.7499 -17.6269
-2.35584 16.4362 -28.2414
-1.68354 -3.54963 -27.4052
2.84705 -115.996 -23.893
3.47569 -128.129 -23.1646
0.909113 -53.0629 -11.995
0.892768 -52.7775 -11.9304
48.2249 -911.199 -17.9601
33.2138 -621.497 -17.3637
-0.0386853 -48.8149 -27.822
-7.92425 165.891 -27.1917
0.895295 -54.9614 -13.4866
-1.1173 -18.4007 -12.6636
2.46831 -58.7947 -7.60842
-3.23995 -16.8289 -7.07592
0.261919 -35.8795 0.55671
-0.831121 -36.3217 0.0713047
568.477 -11459.8 -20.0777
4.47532 -134.907 -19.8652
0.652738 -52.0092 -13.7661
-1.28974 -18.5418 -12.7594
1.89241 -97.3973 -25.6614
-0.440634 -37.5179 -25.4467
1.0774 -45.1258 -5.63762
0.537654 -41.8418 -5.40262
2.19685 -92.8066 -21.0428
222.797 -4691.18 -20.8472
9.98597 -323.822 -27.4498
1.53797 -91.0014 -26.9934
1.91068 -87.0551 -21.1554
4.22405 -134.364 -20.8092
6.32434 -178.405 -20.8585
1.42275 -76.2217 -20.888
0.926092 -44.1696 -5.5647
0.117845 -39.4993 -5.28001
-0.0261135 -48.9391 -27.3343
-2.23519 11.8713 -27.5787
0.191758 -43.7003 -10.8809
-2.14832 -18.5921 -10.6676
2.3629 -114.575 -27.4514
1.69502 -94.5838 -26.6925
57.5718 -656.759 -10.6865
-4.02626 -2.01078 -9.69186
3.04036 -81.9074 -12.9245
1.40317 -60.7052 -12.9022
1.36301 -61.0015 -13.342
-0.661012 -34.15 -12.4545
2.50378 -90.5811 -18.1407
-0.300968 -39.5474 -17.3214
2.15792 -53.1083 -6.35211
-1.70075 -28.9731 -6.04237
0.338021 -41.3684 -6.13477
-1.06981 -32.9183 -5.81371
5.8722 -185.619 -23.4753
-0.406241 -38.1968 -23.0629
1.64249 -49.519 -6.20421
-1.30966 -31.5766 -5.74954
2.52016 -70.9519 -11.5179
2.11118 -66.163 -11.4878
3.69933 -161.904 -29.9924
0.55338 -67.2646 -29.7196
0.49608 -36.7024 -0.411412
0.302418 -36.6262 -0.415802
1.66053 -99.7421 -29.5212
2.49748 -122.646 -28.917
0.782715 -40.0053 -2.91664
0.44385 -38.9248 -2.81788
-0.233058 -35.881 1.62923
-0.529894 -36.3528 1.34481
12.1951 -193.991 -12.4327
4.28149 -95.4049 -12.3913
2.05517 -86.5387 -19.7508
9.0381 -223.912 -19.6935
7.74758 -135.971 -12.102
2.32842 -69.9811 -11.9573
4.50768 -154.025 -23.5631
8.4841 -239.553 -22.6527
8.98426 -172.627 -14.3916
4.78908 -111.559 -14.2604
3.08406 -106.026 -19.5173
1.17661 -64.9648 -17.2156
-1.76879 -10.8741 -18.2933
0.285905 -35.1869 1.43371
0.0963519 -35.5521 1.27402
1.2839 -51.7785 -8.73408
-0.641953 -35.0635 -8.04534
0.611713 -36.7901 -0.447888
-0.164963 -36.4942 -0.608347
1.15813 -41.2015 -2.97812
0.108243 -37.9328 -2.7403
1.18486 -64.6277 -16.9291
-0.636036 -28.2848 -15.9503
2.83799 -105.723 -20.8698
4.28845 -135.095 -20.6818
1.46382 -41.9753 -2.90817
-0.267398 -36.9493 -2.94755
5.91029 -141.339 -16.4156
5.20631 -129.132 -16.3013
10.4836 -253.43 -19.7893
3.58333 -95.9394 -14.6471
11.2696 -207.958 -14.5993
-0.15438 -35.8358 1.38091
-1.42901 -36.9774 0.723214
1.38882 -74.8613 -20.5409
-0.643471 -33.2601 -19.6112
5.70275 -104.73 -11.053
53.7257 -636.292 -11.0671
0.877413 -63.8175 -20.1464
0.248225 -35.0091 1.74835
-0.406723 -36.18 1.43293
2.96176 -83.6824 -13.7334
-1.62094 -22.0527 -12.5798
0.0977238 -35.1457 1.96403
-0.769127 -36.7046 1.45207
-0.0612198 -35.2578 2.43234
-0.2793 -35.8353 2.20745
3.72672 -128.919 -21.9726
-1.97762 -4.88148 -21.0984
40.9006 -813.468 -18.7771
-0.646475 -33.5338 -17.5048
1.63426 -71.4138 -16.542
-13.2791 139.177 -15.5268
0.908977 -75.1144 -27.7745
0.355836 -59.2084 -27.1317
12.3188 -204.432 -13.1279
7.99941 -149.242 -13.3064
0.972984 -43.9358 -5.22619
-0.307276 -37.2281 -5.13339
0.0701562 -35.0071 2.30906
-0.109865 -35.4929 2.12397
15.7038 -232.766 -12.1334
-0.959996 -30.8981 -11.4537
-2.05889 8.03066 -28.2291
-2.01678 5.87477 -27.5964
6.86127 -154.392 -16.0676
-25.8559 345.793 -15.0623
4.5512 -98.7145 -12.3849
2.50717 -73.7092 -12.4882
3.09368 -81.761 -12.6913
-15.932 143.644 -11.6517
7.28285 -119.044 -10.6475
-5.56727 12.0195 -9.51368
3.33445 -147.933 -29.2006
2.49124 -121.947 -28.7429
2.23737 -166.343 -47.706
10.7476 -702.432 -59.2847
2.98902 -257.32 -63.5559
5.71673 -313.114 -44.6096
5.18666 -256.516 -38.8033
5.07622 -145.008 -19.5354
2.66561 -111.298 -23.7779
-0.475688 -36.3008 -0.27116
0.887621 -34.6155 1.22207
0.101451 -35.8463 0.764407
-1.66312 -9.74112 -22.6103
5.40766 -180.869 -24.5193
-0.582041 -34.148 -23.0018
-0.299787 -41.1419 -25.658
4.88314 -161.168 -23.2459
-0.0217741 -40.086 -8.11576
1.47182 -38.2192 -0.980341
4.14794 -102.052 -14.1819
0.854717 -111.25 -55.7966
-4.69068 40.9247 -18.3771
0.655233 -89.9892 -46.9403
-3.99994 143.255 -51.1349
-0.217929 -50.6925 -53.1829
0.281055 -89.4377 -69.0443
3.32895 -89.8144 -14.0187
4.97145 -277.943 -44.2569
3.09865 -225.417 -52.7199
1.3317 -85.4526 -27.0039
1.70043 -96.6029 -27.549
4.73046 -226.723 -36.4866
2.68771 -204.057 -52.8157
0.604409 -132.703 -88.2021
0.609839 -119.162 -75.4387
0.621759 -77.1498 -36.7921
-0.468983 -36.7879 -25.0068
-0.272282 -48.5049 -56.4331
-0.249896 -51.1744 -62.3239
1.47544 -204.898 -85.8434
-0.366499 -39.5202 -26.3952
10.1606 -211.792 -16.4795
4.02551 -104.333 -15.0718
-0.418688 -39.132 -40.5454
2.7417 -176.642 -43.4462
2.65399 -135.008 -31.4106
0.419275 -37.527 -1.35451
-1.26268 -15.2087 -27.2435
0.376381 -64.8658 -33.0278
17.124 -650.002 -34.8447
-64.6166 1591.93 -25.3902
60.1849 -565.65 -8.72462
8.69637 -139.967 -11.2869
inf -inf -53.3482
2.61133 -194.136 -50.9166
1.55672 -170.07 -65.4041
1.45127 -108.568 -37.2552
17.2573 -330.253 -16.5647
2.45435 -114.265 -26.493
1.86494 -147.945 -47.438
3.56997 -275.168 -58.8558
6.44057 -471 -62.7352
18.5979 -880.62 -44.2367
0.272531 -65.8554 -38.8344
0.796474 -60.9013 -19.146
-25.2007 536.283 -23.1701
-1.85137 -35.3537 -0.692392
-0.287219 -36.103 0.964863
-3.49412 -36.5603 0.0875008
-25.7026 536.093 -22.7013
-2.17579 4.5926 -24.2356
-5.38061 74.7958 -22.7091
-3.25462 34.9666 -25.7641
2.46971 -104.639 -23.1014
-2.63181 -19.0097 -8.06621
0.214657 -36.9249 -0.892468
-14.243 141.871 -12.9535
-1.6659 28.5375 -55.0706
-3.90486 27.0324 -18.5377
-3.86063 119.301 -46.1439
-0.876045 -16.4669 -51.1828
-1.58417 22.0003 -53.212
-1.09296 4.93328 -68.2224
0.915335 -55.7716 -13.8712
0.35915 -73.2984 -43.6462
-0.020894 -60.4233 -51.5833
-0.0544826 -47.9343 -26.8059
-0.515812 -35.5592 -27.1273
44.0433 -1664.52 -36.563
-0.158624 -53.3965 -51.8192
-1.13857 -12.8036 -36.1461
-2.94993 24.7796 -24.8146
-2.745 107.374 -63.6727
-2.80931 26.0987 -26.8866
2.16534 -78.4175 -15.8708
6.85203 -147.486 -15.1471
-5.32304 159.381 -40.476
1.74903 -132.497 -42.9919
0.466155 -66.1357 -31.2524
-1.89022 -34.0709 -1.58848
-10.3642 229.323 -26.8965
-4.70673 101.696 -32.7145
-6.77503 179.741 -34.3659
-3.23958 32.8015 -25.1179
-6.62371 8.0918 -8.06141
-6.07368 20.5868 -10.185
-1.00903 -9.15531 -52.1532
-0.589395 -31.244 -50.1363
-0.176445 -56.2739 -63.9953
-0.874844 -22.1575 -36.6086
10.0215 -205.778 -16.1255
6.29951 -212.282 -25.9255
1.2198 -171.851 -79.3457
1.1498 -171.614 -82.5904
2.05319 -224.273 -73.9541
0.602311 -112.729 -70.062
-0.178462 -57.5162 -68.4169
2.56874 -245.749 -68.508
1.68585 -191.965 -71.5896
0.454401 -96.6257 -63.9747
0.469607 -94.3659 -60.6012
-17.5412 969.384 -58.9754
-0.994823 1.90558 -62.7168
0.318081 -105.156 -85.3605
1.31008 -198.538 -90.1998
0.307705 -109.924 -92.4599
0.514933 -122.524 -85.9225
0.35566 -102.486 -78.3984
0.392514 -103.963 -76.7957
4.28667 -346.703 -65.0027
0.638784 -105.697 -61.5581
0.945117 -118.673 -57.4561
-1.29227 14.8739 -63.6722
-1.06982 -3.48775 -56.4494
-0.212807 -52.8999 -60.1989
0.397691 -98.0595 -69.6859
0.239147 -83.7508 -65.2058
0.25291 -87.4455 -68.9782
0.254396 -90.6896 -73.2065
-0.984223 -4.26639 -64.6278
-624.376 43171.9 -69.2563
-2.4419 125.246 -73.0835
-0.597044 -26.3572 -68.2669
0.81337 -137.014 -77.357
1.01488 -147.597 -74.0275
0.661257 -124.574 -76.7718
0.611775 -98.647 -56.6621
0.625242 -96.5457 -54.0905
0.731401 -96.9828 -49.742
-0.604856 -29.8651 -55.3288
-1.41084 8.61157 -48.6953
-0.61836 -29.4553 -52.7293
-1.18681 -17.5899 -26.7936
-0.620088 -32.562 -28.4085
-4.69873 103.563 -33.2199
-3.95925 75.1181 -32.1022
-68.7954 1900.91 -28.3604
-1.54692 -7.89806 -26.8344
-2.56698 29.5515 -31.6828
-7.12272 182.043 -32.9117
1.41654 -216.779 -94.734
0.325524 -111.011 -91.7712
0.419483 -123.459 -95.9841
0.722279 -156.274 -99.0818
-2.96746 199.947 -98.6106
-18.6338 371.558 -22.4774
-17.4928 342.122 -22.2545
-2.27836 11.4163 -26.6592
-101.66 2222.7 -22.3284
-6.88522 108.432 -22.6259
-8.41505 175.899 -26.7706
-5.20508 51.0639 -18.5225
-14.6215 222.767 -18.3305
-25.0615 496.71 -21.6908
-85.646 1542.43 -18.5389
-3.19722 22.4533 -21.6902
-5.66974 58.7341 -18.3418
-2.55133 38.1343 -36.0841
-9.2684 242.712 -31.7786
-1.56217 3.32727 -36.9094
-2.72657 33.9836 -31.4039
-13.8709 440.488 -35.628
-14.8958 488.322 -36.4136
0.382069 -106.986 -81.1892
6.2582 -553.319 -76.6322
1.83159 -204.085 -72.3164
0.368427 -101.511 -76.0929
-0.615526 -27.2276 -71.4583
0.773 -145.402 -86.2324
0.0215241 -82.2243 -90.6283
0.176776 -83.5029 -87.0584
0.543946 -119.585 -85.3389
0.817829 -146.367 -84.2521
0.219843 -97.4923 -86.3792
0.122209 -86.264 -81.8037
0.301026 -99.4418 -79.9674
-4.06608 197.994 -88.5943
-0.602846 -23.2978 -81.0996
-2.64239 144.426 -83.9096
0.483414 -79.5961 -44.5453
1.56632 -138.785 -49.874
0.765464 -93.9158 -45.9453
5.30394 -266.248 -39.6977
-22.733 1048.96 -48.7879
-5.15658 167.868 -43.7373
-0.923951 -19.2301 -39.2036
-1.45824 7.50715 -45.1759
1.96962 -224.113 -76.4034
0.817665 -137.164 -77.2173
0.538658 -107.182 -69.0037
0.721856 -119.608 -68.8256
-11.577 794.128 -74.8914
-0.438022 -39.7074 -67.4194
-0.329271 -47.0742 -67.6385
0.467752 -102.647 -69.3773
0.064169 -77.6164 -74.749
0.183246 -87.7237 -76.5446
0.597538 -113.266 -70.8643
-0.764967 -15.5715 -74.9945
-0.607364 -28.0464 -69.4742
-0.664347 -23.849 -70.8316
-5.45243 349.096 -76.5514
0.639767 -109.734 -65.082
-1.02323 -2.37104 -63.4582
-2.12069 72.3304 -65.682
0.960485 -117.738 -56.2017
0.264032 -86.0182 -66.0626
0.30424 -82.3488 -58.0841
-2.08972 51.9534 -55.1184
-3.17818 117.413 -57.1505
-0.455044 -36.2413 -65.1901
-0.700703 -27.6776 -40.6395
-0.625207 -31.0569 -38.3618
-9.80792 363.284 -42.8767
-1.74461 14.3235 -40.3029
-1.74368 16.2527 -41.8699
-5.20635 141.416 -37.6691
3.67827 -260.558 -53.8199
-0.811601 -19.2137 -52.8906
1.27688 -180.871 -81.8893
1.13503 -171.538 -83.2953
0.91897 -142.227 -75.2567
0.0433364 -75.6159 -73.9156
0.71723 -153.855 -97.4909
0.693829 -154.118 -99.6431
1.02568 -128.768 -61.0656
1.78566 -191.326 -68.1665
3.26884 -266.649 -61.3056
0.428251 -97.5927 -66.854
0.214196 -78.3491 -59.8349
-0.0356839 -63.5148 -60.0936
18.0516 -1614.57 -85.1269
0.627854 -135.861 -87.8974
-2.84761 46.5548 -35.1215
-2.58542 46.9553 -39.7043
-3.3034 61.7267 -34.8246
-5.45093 157.214 -38.9959
1.18741 -136.246 -63.3365
11.8989 -757.905 -60.5493
0.344381 -108.729 -86.9545
0.409583 -116.931 -89.7737
0.155882 -85.59 -76.484
-0.549409 -31.6213 -76.8996
0.582735 -121.979 -79.9764
1.49693 -182.735 -73.7525
2.4557 -248.77 -72.1638
0.553191 -110.546 -71.2696
0.0656121 -76.6052 -72.7298
-5.73737 75.1095 -21.2253
-2.43254 1.47348 -19.4301
-1.26649 -17.7777 -23.8075
-4.61845 44.1381 -19.4766
-4.00527 47.9262 -23.9498
0.940899 -165.224 -88.2559
-0.209147 -49.1316 -45.9262
-0.50936 -35.3088 -47.623
-0.368658 -42.4543 -51.3321
-1.82987 30.3569 -49.695
-1.41678 7.59202 -47.2853
-1.46592 7.71053 -45.0292
-2.54283 64.5318 -49.0837
-1.05128 -7.43649 -51.292
-3.19867 30.141 -24.5153
-1.50172 -9.15816 -26.7878
-2.49351 25.4152 -30.7806
-3.66752 41.8779 -24.5918
-158.407 4827.5 -30.7993
-2.27202 11.638 -26.8783
-3.12957 9.26611 -17.2526
-57.6185 887.374 -16.1679
-5.10196 38.3229 -16.1748
-0.379518 -40.8243 -41.5
-1.45201 6.50454 -44.4274
-6.10396 192.325 -40.7137
-4.74203 148.323 -43.4051
0.119511 -77.711 -68.1019
0.282408 -86.8833 -65.61
0.45764 -105.114 -72.7267
-1.67544 41.2796 -65.3641
-6.33359 360.887 -67.9529
-0.578237 -29.7997 -72.4893
0.422726 -107.923 -78.5945
-2.10968 93.0356 -79.7821
-8.97762 194.649 -27.2053
-12.2041 265.654 -25.7737
-3.28324 39.8758 -27.2569
-0.00533987 -66.7678 -63.0516
0.104592 -73.4104 -62.5647
-1.06579 0.00700776 -62.8987
-2.83664 112.927 -63.5527
-0.846286 -18.9731 -48.4344
-0.194858 -51.8612 -52.9846
-0.278675 -47.1318 -51.6108
-1.7068 21.4259 -47.3842
-2.11444 48.3265 -50.8938
-3.91726 145.48 -53.0169
-0.310412 -45.5251 -51.786
-59.9845 2935.47 -49.9491
-3.08252 92.2668 -49.5637
0.486137 -94.0594 -59.259
0.347923 -80.5017 -52.8428
1.93626 -159.157 -50.6667
-5.5827 261.163 -58.3931
-2.39257 58.4431 -49.7595
-0.957497 -12.0376 -51.7381
2.9478 -141.141 -30.5098
1.06777 -90.5379 -34.8506
0.640826 -75.4285 -34.647
-0.443161 -37.8594 -34.3765
-1.58678 -3.01936 -30.3029
-1.78808 8.61819 -34.5643
-3.11395 87.5368 -47.1686
-2.75271 68.0331 -46.0802
3.63139 -323.365 -69.6767
2.17626 -214.352 -66.8157
4.65495 -377.489 -66.3339
1.13952 -194.164 -96.2052
0.903025 -91.5007 -39.6682
11.6436 -521.899 -40.026
1.67026 -117.246 -37.496
1.08021 -95.0454 -37.4476
1.61685 -119.66 -39.5939
0.781146 -86.3761 -39.44
1.01121 -92.1961 -37.2705
4.72985 -230.834 -37.2785
0.732778 -119.072 -67.7714
1.10002 -141.898 -66.4729
-0.0313164 -62.4836 -57.2645
0.0288406 -65.5151 -56.4657
0.208934 -78.9608 -61.163
-1.33665 12.6099 -57.67
-3.0441 120.39 -61.3136
-2.09273 54.7315 -56.7466
-1.22631 -11.9275 -33.0343
-1.36549 -3.67201 -37.2056
-1.31543 -5.84313 -36.8324
-4.13978 84.4848 -33.0803
0.804066 -87.7628 -39.8134
0.709542 -89.7245 -44.5916
-0.772249 -25.1977 -39.1318
-0.465904 -37.2889 -43.6882
5.56065 -372.79 -55.6256
0.0763846 -69.4549 -58.6874
0.101066 -68.7783 -55.0835
1.78148 -155.606 -52.5569
-1.34295 13.7148 -58.5382
-1.03118 -6.4317 -55.0441
-0.830442 -18.4651 -52.1654
-0.725352 -23.2404 -55.1508
1.51889 -92.8791 -28.1853
0.56855 -63.8668 -26.079
9.04371 -297.829 -27.4364
-3.71712 54.4081 -28.0951
-13.4441 314.943 -27.1113
-1.21307 -17.5987 -25.8103
0.250174 -82.2364 -62.1826
-1.06976 -0.435374 -61.7074
-2.22767 57.748 -54.078
-0.367125 -43.2764 -57.4516
-0.123818 -56.7023 -55.9371
-2.54368 75.1419 -54.2262
-0.929854 -11.3232 -56.5983
-1.63778 30.5445 -58.1647
-0.083566 -59.7162 -57.8191
-0.247748 -51.1625 -61.7188
-2.85533 101.59 -58.2609
-1.07931 1.2397 -62.7394
-4.3327 19.244 -14.4485
-3.33392 8.9511 -15.9028
-4.88175 29.4964 -14.9764
-6.81825 64.2617 -15.887
-9.80531 99.4483 -14.5701
0.918182 -179.79 -102
0.946117 -181.196 -100.942
-0.666727 -55.9929 -101.306
-6.32345 76.4162 -19.3173
-3.35484 14.6369 -17.7704
-1.85009 -8.48083 -20.4309
-1.09427 -23.6906 -20.8146
-43.4856 743.525 -18.1366
-109.392 2088.57 -19.5116
-16.8885 303.786 -20.7369
-5.5469 66.972 -20.4158
5.43739 -362.57 -55.0578
1.19655 -140.663 -61.9328
2.24127 -187.947 -55.5519
-0.10738 -56.8376 -53.88
-0.885903 -14.6609 -54.4586
-0.391059 -42.2264 -60.7841
0.203731 -76.545 -58.1334
-0.850333 -15.5209 -57.4361
0.453621 -80.5784 -46.9963
5.14898 -332.398 -52.5227
1.19509 -122.54 -51.222
-0.317876 -45.1043 -51.5852
-0.709976 -26.0549 -46.2677
-0.408509 -40.3326 -50.3825
2.45889 -155.94 -40.5915
1.0228 -101.324 -43.0242
2.12628 -147.735 -42.6166
2.05637 -143.802 -42.242
1.01922 -101.143 -43.0059
0.965391 -83.2482 -32.291
0.931371 -88.1495 -36.5163
-0.659516 -30.1448 -35.9977
-1.69242 2.03669 -31.8438
-0.136564 -55.3189 -54.0328
-0.0897575 -57.4405 -53.0112
-0.844182 -17.4327 -53.0532
-1.58328 22.8564 -54.0373
-14.5051 192.087 -16.2939
-88.7563 1608.68 -18.6362
-3.12273 13.1892 -18.7867
-8.54149 96.5839 -16.5011
0.48741 -125.31 -91.1999
-1.74261 30.2403 -92.2667
8.90587 -357.649 -34.2064
0.605448 -70.2335 -31.0188
0.725725 -82.9655 -38.4314
-1.86888 6.34467 -30.8939
-9.54737 269.724 -33.7817
-1.01089 -16.5263 -37.8543
0.74433 -93.8727 -46.698
1.20438 -105.883 -41.1025
1.01082 -103.026 -44.5028
-14.6945 537.153 -40.3671
-2.47791 54.7933 -45.79
-25.6826 1065.42 -43.7295
-0.277553 -44.5756 -39.2246
-0.301984 -44.3815 -43.3193
-4.34123 128.922 -42.8848
-0.878436 -21.1232 -38.9245
-10.8472 118.504 -14.9442
-1.32111 -23.7718 -15.0455
-8.461 77.0182 -14.2135
-93.4499 1363.79 -15.0609
-2.77331 -1.95719 -15.0304
-0.467157 -37.3511 -49.1478
-0.451368 -38.0145 -46.1182
-0.303814 -44.6484 -45.1925
-0.108447 -55.0151 -49.2372
-1.10832 -5.79899 -49.2132
-5.2725 178.825 -44.968
0.502352 -65.58 -29.55
0.353989 -59.4382 -27.464
-1.64053 -4.70599 -27.4248
-4.86881 92.7996 -29.4728
1.69813 -180.41 -64.2488
2.34364 -213.297 -61.3167
1.26084 -81.3431 -25.7486
0.823567 -68.447 -24.5012
1.30636 -79.1717 -23.8859
0.715433 -66.6148 -25.1799
-7.01685 121.592 -24.1855
-26.8986 634.75 -25.4088
-0.525627 -35.3778 -24.8334
-2.12191 2.05091 -23.4789
-2.03009 -9.77097 -17.2083
-5.84038 52.7507 -16.639
-6.31746 55.1201 -15.6836
-1.96081 -11.6105 -16.7685
-1.02231 -27.1305 -17.1758
4.48603 -326.975 -57.7991
6.15581 -393.867 -53.815
1.57852 -148.684 -54.1936
3.90108 -273.343 -54.0006
5.65094 -391.067 -57.7844
4.81862 -330.284 -55.3938
11.4534 -663.526 -50.1052
0.712409 -101.914 -54.6344
6.49751 -427.311 -55.9701
0.676722 -108.365 -61.8436
0.100287 -68.4977 -54.6799
0.712239 -100.449 -53.4223
0.273705 -82.3645 -60.4312
0.518416 -61.948 -25.4719
0.668213 -63.4546 -23.4759
-3.391 37.2558 -25.3422
-2.36069 7.18003 -23.224
-6.73526 64.6588 -16.1616
-14.1959 204.234 -17.5476
-11.97 168.677 -17.8527
-121.206 1938.47 -16.3586
-0.0957775 -54.8833 -47.3138
-0.0207603 -60.6028 -51.9524
-0.0411963 -59.059 -50.8748
-0.535885 -34.1022 -46.4244
-1.76889 30.6309 -52.276
-0.957004 -14.0246 -47.5504
-2.69736 66.2452 -46.4254
-1.0122 -9.63648 -50.9187
1.41888 -79.6119 -22.7077
0.538576 -56.6181 -19.7831
4.26424 -136.089 -20.9961
-3.08546 22.7907 -22.7537
-1.76281 -10.0085 -20.6315
-2.91385 11.7343 -19.8048
1.46233 -150.149 -58.3578
1.66056 -166.199 -60.443
28.4183 -1660.07 -56.1725
13.7629 -814.281 -54.5894
3.77905 -291.142 -59.7155
8.66334 -565.491 -57.8231
1.76156 -157.942 -54.0603
5.99869 -395.741 -55.4072
1.83321 -108.356 -31.0357
0.56799 -67.1735 -29.2224
0.217854 -56.4799 -28.5687
-5.17417 101.192 -29.343
-1.41714 -7.50629 -31.0069
-1.09274 -18.9785 -28.667
0.61638 -110.433 -67.0918
1.69197 -171.927 -62.1994
0.468901 -99.4479 -65.9534
0.966242 -125.035 -60.9948
0.0983335 -54.4247 -30.8848
0.80603 -78.3371 -32.4724
2.19711 -134.194 -36.4509
0.0730299 -55.932 -34.9601
-0.785651 -26.8219 -31.8985
-2.14375 13.9045 -30.3307
-11.8744 354.647 -34.3362
-1.58598 2.83383 -35.6586
7.10599 -431.778 -52.0739
6.23725 -367.466 -49.2381
2.01524 -161.501 -50.0048
3.59786 -236.117 -48.898
5.54663 -348.363 -51.7073
9.58413 -543.002 -50.3046
1.00513 -95.5503 -39.6678
1.43327 -118.557 -42.8018
1.19418 -116.752 -47.8107
-0.350729 -42.0871 -41.9937
-2.56844 44.6339 -38.9123
-2.96955 80.38 -47.0294
2.03289 -158.659 -48.5276
1.61577 -147.391 -52.7918
12.3997 -698.355 -51.3688
15.6452 -778.286 -45.9897
0.377762 -81.2337 -51.8678
1.34996 -124.356 -47.8953
2.3335 -164.597 -45.4626
0.541962 -88.2717 -50.4329
2.92574 -203.497 -48.9698
0.210335 -67.6258 -44.8231
0.904761 -96.9102 -43.5011
0.866416 -102.365 -48.7581
-5.01274 162.354 -43.9091
-0.88179 -17.367 -48.1459
-1.09387 -7.35727 -47.8133
-2.12068 33.3763 -42.6903
174.043 -9100.48 -51.9344
1.5138 -140.307 -51.9427
60.6283 -3512.83 -56.8833
6.32573 -386.758 -51.43
2.96058 -213.441 -51.3582
0.484255 -90.871 -56.0963
-inf inf -38.8354
-2.94792 35.3685 -29.1405
-34.247 746.775 -23.1963
-1.2138 -17.7989 -25.5082
-8.39123 194.284 -29.1778
-4.71 71.6986 -25.583
-2.65069 14.0394 -23.2816
-157.734 3474.07 -22.3242
-1.66058 -12.843 -20.0126
-4.11453 37.049 -20.2283
-5.57461 77.2157 -22.3187
0.522855 -115.551 -78.3555
0.728259 -101.8 -53.8295
-1.56655 20.7626 -52.9337
1.09923 -98.3187 -39.0604
13.9254 -568.427 -36.9176
-13.3989 458.186 -38.3015
-2.58511 39.7976 -36.296
-2.11779 6.27663 -26.132
-3.61845 36.3235 -23.2027
-5.37787 71.4341 -22.0342
-0.506384 -35.846 -25.378
-8.62111 153.856 -23.3819
-1.35488 -13.5605 -26.2465
-1.73879 -4.27838 -25.6114
-4.47745 52.6315 -22.2944
-1.61997 -11.8993 -21.565
-2.87733 15.5514 -21.7055
-0.918159 -13.3057 -54.5956
-0.312315 -46.0449 -55.2936
0.156918 -61.7284 -39.3962
0.31673 -70.4732 -42.437
0.403238 -72.4454 -40.532
-1.0006 -14.8941 -41.8033
-1.54318 4.49281 -38.6791
-3.89631 99.7783 -39.9317
0.853352 -93.0765 -42.3109
17.9896 -755.157 -38.903
-0.26877 -45.4264 -41.5277
-0.272463 -44.5661 -38.2568
-0.24337 -41.0797 -19.5014
-3.92003 17.3293 -15.6281
0.44254 -51.274 -16.0843
-1.53817 -15.7077 -19.6172
-2.53302 -3.47303 -16.0556
-2.83859 0.672332 -15.7318
-0.597025 -35.7483 -5.06388
-1.16777 -30.7383 -8.18502
-2.49042 -19.2076 -8.53708
-1.09549 -33.2169 -5.07568
-2.07049 -23.4187 -8.14129
-2.10676 -27.9164 -5.17927
-2.13626 -27.8791 -5.10916
-4.26177 -3.93168 -8.57784
-0.764718 -26.574 -35.2146
-1.67648 0.93483 -31.3433
-2.23181 24.8831 -35.0965
-10.8361 287.646 -31.3065
3.32865 -170.952 -35.2752
3.21683 -155.82 -32.256
0.688512 -75.9358 -33.6743
-2.02546 13.1177 -32.1533
-3.63654 73.4103 -34.8507
-17.9392 544.292 -33.2705
-0.281805 -44.7816 -41.027
-0.0934499 -52.9333 -42.1002
-1.03394 -13.3635 -42.0542
-1.77619 16.292 -40.8433
5.31299 -312.111 -47.5411
1.99488 -162.738 -48.0037
2.8203 -194.597 -47.8405
1.79821 -147.21 -48.5012
56.8283 -1670.6 -28.5135
0.967987 -76.2466 -27.4266
2.73388 -120.289 -26.0644
1.11486 -78.6245 -26.3974
-0.995024 -22.6132 -27.0212
-1.00795 -21.6957 -28.1153
-0.396831 -38.6909 -26.0822
-1.16363 -18.9503 -25.6981
-2.27053 -6.89444 -16.5006
-11.8966 104.935 -12.3801
-2.86553 -8.60253 -11.6515
-2.71006 -8.17678 -12.6586
-4.58995 31.8406 -16.6135
-2.47675 -12.962 -11.7372
-1.7187 -11.1466 -20.4462
-554.068 10231.6 -18.5482
-4.19436 39.9692 -20.5805
-13.0014 196.985 -18.6434
17.9898 -1040.01 -51.9758
27.4118 -1166.9 -40.5228
5.26593 -247.644 -36.727
1.1638 -98.053 -37.3732
2.6504 -163.701 -40.5872
3.33798 -176.688 -36.6881
0.977233 -95.477 -40.3726
2.34421 -150.419 -40.2856
17.0931 -690.804 -37.2265
8.98405 -490.071 -47.9035
1.22051 -121.157 -49.6515
1.37119 -122.768 -46.495
14.0499 -725.365 -47.396
0.812785 -96.2215 -46.0464
1.3338 -125.854 -49.142
38.1099 -2254.87 -57.4781
2.03695 -193.225 -62.136
3.2643 -271.019 -62.5441
0.440285 -88.8998 -56.6296
0.718618 -110.887 -61.7861
6.12719 -443.229 -61.5091
-0.953537 -16.2445 -43.1305
2.51109 -134.271 -32.6612
1.74657 -106.88 -31.5784
1.84988 -105.256 -29.4886
-0.859048 -24.7678 -31.1234
-0.454933 -37.3801 -32.1608
-0.795608 -27.3179 -29.2484
20.0691 -1008.16 -47.275
7.67331 -438.122 -49.2318
3.73449 -232.51 -46.462
3.14133 -199.375 -44.9259
63.401 -3150.68 -48.7464
2.71893 -186.731 -46.9001
2.00461 -147.196 -44.4803
3.25938 -208.678 -45.9929
-3.68173 18.5357 -17.1722
-3.44859 5.07126 -13.9759
-3.03063 -2.88707 -13.1432
-1.56884 -18.1202 -16.8268
-6.30668 46.8959 -14.2991
-23.3619 358.635 -17.2661
-2.11381 -8.51844 -17.0925
-23.7498 277.729 -13.5
0.0738915 -65.2742 -51.5151
-3.93913 142.356 -51.7757
15.1216 -612.602 -36.9186
0.241754 -63.878 -37.7633
0.631785 -74.5193 -34.115
0.471342 -68.4514 -33.4958
-0.784568 -25.3574 -36.9635
-6.96401 198.365 -36.239
-2.02404 14.7856 -33.2693
-0.974915 -19.9234 -33.6695
-0.284879 -43.8566 -37.1056
-3.01988 57.2841 -36.9701
-0.130176 -58.0461 -60.6786
-0.465361 -37.7703 -59.5961
-2.01502 -7.23226 -19.0414
-2.35769 -0.409037 -19.2009
-0.0845782 -51.7271 -38.1902
-0.11117 -48.9977 -33.6494
0.414108 -71.8242 -39.3558
-1.21378 -12.1798 -33.2574
-11.2922 374.495 -38.0238
-2.29738 34.3471 -39.0564
-0.139517 -50.4896 -40.6556
-0.244542 -45.2664 -36.7494
-0.212968 -48.0557 -42.6593
-1.94024 16.6691 -36.4873
-2.46783 44.0893 -40.6151
-0.67662 -28.25 -42.8009
2.31253 -220.616 -65.8015
6.68158 -501.235 -64.8432
4.21583 -227.997 -40.7487
-1.60413 8.22293 -39.9097
-4.18946 -0.739968 -9.60786
-24.2482 198.479 -9.88134
2.74429 -150.859 -35.4362
2.34316 -136.931 -35.5376
1.23656 -90.4398 -31.384
-0.859346 -23.3236 -34.9937
-1.00558 -18.2691 -34.8723
-7.53122 181.504 -30.9261
-1.42707 -10.2138 -27.7937
-4.49316 62.8745 -24.7647
-3.66863 51.8236 -27.7108
-4.70559 67.8247 -24.6911
-7.20141 23.6767 -8.93427
-2.5592 -22.2588 -6.77992
-8.02065 48.669 -11.2806
-4.4449 -9.12641 -6.86775
-23.512 227.956 -11.4776
6.39499 -339.693 -44.0753
2.26093 -147.076 -40.2898
1.10472 -101.176 -40.7193
0.754942 -86.3569 -40.2556
1.42474 -119.689 -43.5844
1.83156 -130.708 -40.6914
6.67537 -401.32 -50.9525
1.29698 -126.456 -50.4926
1.97791 -286.186 -101.311
-13.8941 1259.61 -100.574
-1.33994 -13.1562 -101.388
7.63797 -499.248 -56.9676
9.70717 -550.398 -50.4229
0.921715 -115.093 -55.8708
0.346609 -77.4196 -49.2358
3.20639 -204.809 -45.6054
3.81374 -244.518 -48.3969
1.43815 -121.525 -44.2338
2.15727 -163.329 -48.0114
1.77713 -138.897 -45.2835
5.80864 -313.191 -43.9707
18.8807 -807.048 -39.7924
1.51469 -124.048 -43.8036
122.309 -5627.39 -45.531
3.65687 -203.97 -40.4473
1.16483 -108.217 -43.497
0.74406 -85.2283 -39.6954
4.54705 -239.863 -40.4249
1.65212 -133.069 -45.2049
0.998484 -76.7971 -27.2343
0.523148 -61.7861 -25.1928
-14.073 305.946 -25.1939
-2.11285 8.02653 -27.2888
0.884522 -108.871 -57.4911
0.668452 -108.266 -62.1998
2.20284 -191.604 -57.7038
0.655817 -106.41 -61.2651
0.683927 -102.699 -56.6314
-22.7254 303.518 -15.2817
-79.0943 1010.14 -13.3125
-5.47863 40.4677 -15.3837
0.123767 -53.4637 -28.0327
0.0403 -50.6959 -27.2235
-43.7286 1171.41 -27.9303
-1.91539 2.49168 -27.1862
-0.160287 -47.817 -35.0873
-0.305492 -42.0447 -31.3875
-0.44336 -37.7701 -32.5535
-0.969983 -21.9494 -29.8057
-0.264419 -42.261 -26.602
-3.86864 57.4832 -27.7453
-4.949 102.391 -31.0933
-1.16546 -12.6854 -34.8848
-8.15829 211.333 -32.2868
-5.2178 88.4667 -26.3816
-16.6878 443.985 -29.6485
-1.65018 -4.37856 -27.4788
18.4263 -577.345 -28.6043
1.36232 -86.1859 -26.9534
4.7287 -299.588 -50.465
1.43087 -132.259 -49.994
1.38385 -120.071 -44.7403
2.73075 -184.826 -46.1363
-1.17257 -17.0667 -28.1164
-0.863167 -26.3534 -26.5478
-0.148425 -53.0082 -49.1239
-0.0860112 -56.1804 -49.3879
-0.015566 -57.6717 -45.1855
-0.136818 -51.727 -43.8613
1.191 -120.265 -49.9925
0.319348 -74.6041 -47.4123
-1.19837 -34.6913 -2.26266
-2.77957 -26.406 -4.31753
-2.92119 84.8383 -49.7969
-3.85372 121.342 -46.8451
-1.67349 -33.4337 -2.41678
-0.243401 -48.6985 -50.5757
-0.63601 -32.2626 -27.371
-4.55722 69.9785 -26.1209
-2.06804 3.26469 -25.0481
-2.24694 8.98685 -25.754
-3.83902 54.4079 -27.0728
-1.95566 0.43637 -25.0391
-1.40232 23.9637 -92.7329
-1.48465 -12.4174 -23.9745
-0.565435 -34.3424 -25.4441
-0.792454 -28.3186 -26.2585
-3.35751 35.4511 -25.009
-18.1105 406.05 -25.1022
-9.26167 171.727 -23.7117
-3.73471 44.2604 -24.8167
-31.8138 778.447 -26.0092
566 -9340.65 -16.4246
3.1419 -103.76 -18.5823
5.78346 -148.427 -17.8777
3.4946 -98.0693 -15.5081
0.186276 -48.6374 -18.285
0.969959 -59.8248 -16.1306
0.609785 -52.9334 -15.146
-0.40273 -37.7868 -17.3451
5.23877 -190.929 -26.9987
2.76708 -126.833 -27.8084
5.57571 -222.205 -30.6559
-0.157283 -45.4972 -27.7674
-0.548211 -34.6954 -26.8736
-0.137592 -47.0006 -30.4929
2.84596 -135.59 -29.7769
17.4118 -606.557 -31.8574
21.3747 -791.608 -34.547
4.77988 -207.111 -32.4218
0.224085 -58.9303 -31.7573
0.304179 -59.7062 -29.5275
0.11352 -55.7153 -32.2492
1.32914 -98.9785 -34.4829
-1.13384 -20.9669 -23.7591
-0.355804 -39.3104 -22.6892
-12.7724 258.268 -23.98
-12.7685 244.113 -22.8349
-1.47665 -3.32004 -33.3762
-2.94393 45.2593 -33.2162
8.97446 -394.775 -37.8818
4.97099 -254.033 -39.8814
-0.0641668 -52.879 -39.0676
-1.79756 12.2732 -37.1062
2.09493 -171.723 -52.4189
3.70973 -253.265 -51.6795
0.00949569 -50.8315 -29.1795
0.041415 -51.6415 -28.9503
0.140011 -56.3905 -31.9644
-2.47645 21.2749 -28.962
-13.4542 373.395 -31.5983
-4.08122 67.4585 -28.8803
0.0672581 -60.6111 -43.7408
0.0889552 -63.9619 -47.8992
-4.71086 166.572 -48.0475
-8.41645 311.098 -43.8196
3.37722 -222.391 -47.2676
2.30708 -166.535 -46.5854
9.28691 -491.836 -46.6
-3.74584 28.3652 -19.8519
-14.1314 204.096 -17.6206
-2.1616 -2.30051 -20.3209
-5.24897 47.8355 -17.6736
-6.98753 93.1543 -19.9189
-9.44968 146.262 -20.3724
1.37795 -100.549 -34.4224
1.65916 -112.249 -35.3634
1.71536 -112.318 -34.4927
1.74868 -115.338 -35.3288
-0.779557 -21.9977 -49.1474
-3.41 106.903 -49.3892
-6.39231 124.914 -27.3067
-3.74675 54.7941 -27.958
-0.384039 -39.1239 -27.032
-16.2207 389.479 -27.0641
-10.8726 240.719 -26.6773
-7.6462 160.8 -27.5368
-0.530352 -35.3584 -22.488
-0.46726 -36.8211 -24.5434
-0.616551 -33.2628 -23.7166
-4.1078 44.1835 -22.2372
-6.75199 111.021 -23.5206
-339.183 8154.48 -24.1834
1.68576 -114.258 -35.8546
1.46216 -102.784 -34.0826
-0.291697 -42.9047 -33.5562
-0.130452 -48.9682 -35.3788
0.592805 -54.903 -17.2051
0.377392 -47.4353 -12.8615
0.964308 -56.2863 -13.7579
-1.51512 -19.0973 -16.7558
-2.5849 -2.45285 -13.1889
-32.9517 371.425 -12.5595
7.9456 -396.011 -42.6494
1.38348 -118.084 -43.6876
6.81618 -344.402 -42.1784
2.05475 -146.439 -43.3055
-0.42047 -38.2514 -28.6816
-0.101751 -47.7469 -29.5969
-1.6339 -2.90649 -29.1547
-6.78523 141.763 -28.2787
0.412131 -74.9945 -42.9619
0.309503 -69.6059 -41.7346
-1.23031 -4.98232 -42.2203
-1.32294 -2.28129 -40.7701
0.457661 -64.6096 -29.9201
3.28355 -152.496 -30.8044
-76.9588 2256.2 -29.9789
-2.18816 16.2008 -30.8893
1.38082 -89.4483 -28.4318
-0.753093 -28.8977 -27.9768
-0.186025 -47.9993 -38.6745
-0.808951 -23.958 -38.5182
1.90917 -80.3688 -18.3802
1.81453 -85.851 -21.5158
-52.9986 690.52 -20.8474
-1.10145 -26.823 -17.5231
1.52173 -95.3495 -29.3743
6.22645 -213.681 -26.4158
1.70086 -97.0524 -27.7489
1.75022 -104.418 -30.4271
1.19865 -80.2431 -26.0459
3.64489 -155.9 -28.9351
1.6062 -99.8824 -30.3538
4.63378 -178.396 -27.7407
-1.37515 -18.0042 -20.634
-4.98113 66.8536 -22.9605
-1.50527 -14.0398 -21.8926
-2.13416 -2.2955 -20.6628
-2.54683 8.68517 -21.855
-4.70038 60.3295 -22.942
17.2091 -806.28 -43.5075
1.40608 -111.883 -39.8934
3.88435 -225.328 -43.2273
1.56509 -118.021 -39.7938
8.58711 -470.413 -47.8326
36.5737 -1869.19 -49.4543
0.718635 -99.4659 -52.3249
0.495133 -83.8884 -48.3779
0.0442386 -61.2584 -46.8453
0.0564806 -64.236 -51.2558
1.35199 -119.451 -45.1775
1.34825 -120.69 -45.9441
0.16605 -65.2889 -44.2854
0.830581 -95.671 -45.008
-0.0796458 -46.6583 -25.3352
-1.6306 -7.29497 -25.3962
1.30594 -111.267 -41.7764
0.987098 -92.1531 -37.8504
0.0351629 -57.7273 -40.9153
1.10643 -95.9506 -37.3995
0.260552 -69.8087 -44.7324
-2.02067 30.9222 -43.8751
2.28014 -128.641 -33.3523
2.54606 -145.618 -36.024
3.35187 -161.1 -32.4968
1.68789 -108.875 -33.3463
1.39473 -96.8958 -32.1761
1.02768 -90.8257 -35.9619
7.85237 -336.785 -36.0255
-0.533109 -34.7251 -35.3253
-0.565596 -34.1488 -27.9052
-3.66617 52.5367 -27.9566
-1.93558 3.11925 -27.2406
-0.277675 -42.0842 -27.4357
-1.18449 -17.286 -27.3194
-2.12816 8.74026 -27.4693
-6.18075 118.396 -27.1766
-3.53688 45.9172 -26.9708
9.75437 -516.562 -46.8872
2.74047 -182.202 -45.1848
6.04762 -338.739 -46.2716
2.18277 -156.736 -45.085
4.35342 -262.271 -46.6694
3.29658 -210.981 -46.1492
5.44361 -225.378 -31.8736
50.2129 -1656.24 -31.9505
1.21242 -106.673 -41.3729
3.47467 -186.828 -37.9815
3.59956 -196.706 -39.2373
1.98113 -141.148 -42.4545
3.36922 -182.958 -38.0163
0.150714 -62.4222 -40.8638
0.593448 -81.7603 -42.0156
1.60872 -118.398 -39.1454
-2.90959 6.5767 -17.7093
-1.6932 -16.3065 -16.5953
-3.22434 12.0514 -17.673
-1.98519 0.0963246 -24.3178
-0.645292 -32.4888 -24.3064
-2.01043 -1.68697 -22.7427
-0.668269 -32.229 -22.6435
-0.731348 -30.4446 -24.1104
-2.05227 1.40648 -24.1123
-2.71128 17.3806 -24.1501
-2.1472 1.03512 -22.5084
-2.73036 13.5338 -22.2286
-71.2996 1644.88 -23.7418
0.251839 -57.3081 -28.376
0.176072 -55.0398 -28.198
-4.65965 81.9246 -28.3435
-2.21063 12.0467 -28.0739
-0.70966 -30.6369 -25.6061
-5.01466 78.2585 -25.3103
3.98659 -99.6508 -14.1566
8.55836 -140.905 -11.5627
5.10755 -110.701 -13.2955
4.21801 -88.2038 -11.0284
-0.786946 -32.2069 -13.7104
1.53134 -62.4728 -12.9585
0.249597 -68.7286 -43.9329
-23.4195 1005.76 -43.6211
-1.12049 -22.4297 -21.9465
-1.01023 -26.4281 -18.9199
-3.39776 27.9164 -22.073
-16.0451 256.321 -18.81
2.18621 -132.12 -35.824
1.70574 -109.654 -33.4299
2.19752 -129.298 -34.6228
2.14555 -130.485 -35.7564
1.69954 -109.48 -33.4453
6.14188 -325.269 -43.5824
0.0834414 -60.7643 -42.7712
26.9065 -901.985 -31.6001
1.54209 -96.6902 -29.74
1.5486 -97.0202 -29.807
0.22143 -68.3509 -45.1439
-0.739293 -25.1161 -44.6018
-2.84285 47.3708 -102.437
0.357799 -60.7534 -28.8942
0.277074 -60.6988 -31.8692
0.335217 -61.1007 -30.1079
-1.41629 -9.3112 -29.0897
-2.36 20.3188 -30.2534
-2.9054 40.3982 -31.7344
0.308993 -73.811 -47.0336
-11.9386 500.941 -46.9204
47.5315 -1117.68 -22.5195
2.6073 -114.148 -25.1464
12.1537 -320.898 -22.5117
14.262 -327.079 -19.7132
0.583997 -62.428 -24.362
5.17788 -158.684 -21.5984
1.73052 -78.066 -18.8222
0.356528 -54.605 -21.6626
1.80617 -77.7456 -18.0621
13.308 -321.071 -20.6409
6.78466 -176.825 -19.3211
29.1207 -545.33 -17.1917
0.355377 -53.1951 -20.0215
1.0784 -63.6823 -17.4761
2.03626 -78.6015 -16.7551
0.384288 -52.7952 -18.9003
-1.80404 -13.4805 -17.3453
9.9018 -295.373 -24.9342
41.56 -1065.32 -24.4722
-1.07896 -21.7669 -24.6131
-1.14028 -20.6298 -24.0417
-0.781257 -28.5529 -26.4627
-8.61564 188.984 -27.7199
-43.7582 1154.63 -27.5235
-1.56588 -8.15793 -26.1207
3.26646 -163.885 -33.9775
6.57085 -264.587 -32.3382
1.74229 -116.388 -35.9008
3.52646 -184.982 -37.0317
1.69922 -106.75 -32.202
0.347378 -64.8106 -34.1076
0.80375 -84.3637 -37.1929
1.24318 -98.605 -35.979
13.4477 -703.017 -47.8404
1.22721 -117.689 -47.4362
3.19658 -202.699 -45.1543
2.74693 -184.125 -45.6887
3.19197 -201.668 -44.9306
-8.91667 132.44 -20.0209
-1.96534 -2.29446 -23.0256
-14.6279 247.658 -20.0828
-5.20525 73.4503 -23.2681
1.6738 -96.2277 -27.7148
2.78046 -119.835 -25.5541
1.51985 -87.8195 -25.6527
6.78863 -201.738 -22.734
2.23525 -99.9178 -23.3568
1.41232 -85.1522 -25.7006
3.30508 -130.934 -24.9459
0.289858 -54.1052 -22.8758
-0.076022 -45.4885 -22.2773
-0.427674 -37.8043 -24.7332
-0.222996 -43.0551 -25.4429
-1.2535 -15.7844 -26.8178
-9.74547 208.373 -26.4312
3.61752 -186.626 -36.611
1.28681 -106.926 -39.7816
9.81421 -129.246 -9.02167
7.03399 -105.149 -9.15261
3.13632 -62.0623 -7.10773
0.989699 -90.3019 -36.5315
0.284785 -66.7045 -39.3168
1.00023 -49.1685 -8.64514
0.273413 -41.4172 -6.71886
-1.05304 -31.5026 -8.49476
-0.685073 -31.169 -26.1021
-2.68505 21.0749 -26.1204
-2.94331 -15.7392 -8.37496
-0.0938439 -40.5268 -10.7143
-5.63544 18.6431 -10.6746
-10.998 51.6187 -8.36544
4.44877 -149.196 -22.8661
4.89183 -150.274 -21.1836
3.42028 -116.832 -20.6029
-0.2653 -40.8676 -20.467
-0.552054 -34.8765 -22.3922
0.00796398 -46.2584 -20.06
4.90474 -108.752 -13.4342
27.9108 -402.189 -12.8838
4.79159 -104.027 -12.8271
4.76434 -108.829 -13.8078
2.09773 -69.4802 -12.8301
2.14067 -71.1711 -13.2637
5.11203 -112.921 -13.6812
4.71966 -102.865 -12.7812
1.57797 -126.798 -43.7927
22.1123 -605.543 -25.1869
0.311524 -61.0735 -30.9653
0.23346 -60.1631 -33.0522
0.14825 -55.4467 -30.0689
3.39009 -131.45 -24.5322
-2.88447 41.9436 -32.6566
-329.277 10136.5 -30.9402
-1.82204 3.63295 -29.9454
5.19068 -193.083 -27.6066
0.952523 -75.6476 -27.3053
1.27406 -83.9619 -27.0413
0.0645724 -51.2101 -26.9587
-0.0839117 -47.2887 -27.1599
-0.090922 -46.6123 -25.9378
-1.71625 -2.93443 -27.1762
-2.42875 13.9148 -25.8806
0.173365 -54.8747 -28.0639
0.246006 -56.6643 -27.725
-3.76244 54.8619 -27.8448
-13.2766 313.643 -27.3647
6.03927 -220.34 -28.1934
4.24254 -157.413 -25.5996
3.69578 -143.999 -25.739
136.665 -3963.07 -28.6305
2.44166 -108.501 -24.6408
13.4722 -420.032 -27.4867
2.12773 -109.54 -27.9943
10.52 -312.2 -25.0625
1.51054 -60.1009 -11.9069
2.49789 -67.9939 -10.6133
1.47102 -52.0737 -8.05073
5.08061 -91.0266 -9.82712
-4.34473 1.3059 -9.75155
-5.06369 45.4257 -10.9244
-2.05004 -22.3653 -8.92253
-14.8495 71.168 -7.48319
6.83636 -143.388 -14.62
141.73 -2187.29 -15.1246
56.6579 -861.441 -14.4391
1.24182 -62.0018 -14.8544
4.83751 -222.473 -34.9553
2.48631 -132.183 -32.2313
1.36049 -94.0681 -31.2427
0.425387 -65.7064 -32.1766
0.467538 -69.9112 -35.1558
0.406384 -64.1455 -31.1157
1.35262 -87.8726 -28.0114
7.45657 -273.628 -29.871
1.25845 -84.0105 -27.3107
0.576201 -67.7792 -29.566
2.03693 -95.1092 -23.287
3.71855 -136.52 -23.822
1.79083 -87.9855 -22.6759
1.98547 -94.7468 -23.6248
4.07775 -150.539 -25.0181
14.4868 -408.581 -24.8597
2.66371 -117.983 -25.9129
-0.55596 -34.629 -24.7676
-0.429591 -37.8143 -25.7072
-0.54079 -35.0117 -24.634
2.32812 -136.416 -35.5444
69.2259 -2497.83 -35.3088
4.37833 -188.696 -31.313
8.12778 -310.233 -31.7924
0.91296 -85.8258 -35.3381
1.00558 -89.3162 -35.4835
4.29823 -186.425 -31.3625
2.47018 -127.782 -30.9198
-8.14533 152.168 -24.6144
-1.16975 -18.7406 -25.7751
-0.32507 -40.3962 -25.0648
-2.10648 3.56246 -24.637
-16.1114 357.107 -25.1813
-1.40226 -12.8052 -25.7121
4.03017 -107.457 -15.7476
4.48205 -103.981 -13.6166
6.85489 -158.752 -16.6753
-1.3408 -25.538 -12.6254
-1.2816 -24.5725 -14.7854
-8.35894 89.399 -15.9709
13.1617 -251.459 -15.7624
17.5875 -342.048 -16.9147
1.091 -61.999 -16.271
2.48612 -81.6307 -15.2395
0.282265 -40.6256 -5.61485
0.00124775 -39.7337 -7.01513
-0.0923674 -37.4221 -2.83863
-15.1523 65.071 -6.91289
-1.41598 -31.1851 -5.51259
-2.1314 -31.2785 -3.05501
14.4673 -392.795 -23.8366
1.82859 -91.9323 -24.0097
-4.24331 52.5129 -23.653
-0.892588 -26.865 -23.3482
-0.171772 -44.2974 -25.2504
-7.91057 151.202 -25.2628
4.98143 -153.046 -21.3434
4.31879 -148.129 -23.2624
2.95403 -110.163 -21.4561
3.39198 -117.412 -20.9026
4.13311 -131.989 -20.7049
5.54305 -171.356 -22.3917
44.9131 -390.974 -7.81196
3.92952 -78.0811 -9.45735
2.04979 -65.4074 -11.4679
-1.94584 -23.2496 -8.95369
-4.24307 -9.10865 -7.24167
-1.53229 -22.3277 -10.7937
-0.057452 -48.2895 -27.8144
-2.41657 16.4111 -27.3388
-0.0677945 -47.9023 -27.578
-0.194423 -44.2521 -27.0405
-0.388488 -39.0988 -27.9827
-1.32562 -13.1972 -27.5982
-2.83209 28.0014 -27.4372
-11.527 263.793 -27.186
-1.26695 -35.8913 -0.521621
-0.811338 -36.5656 0.831457
-0.81151 -36.1273 -0.526521
-1.56378 -36.8962 0.557025
-1.66399 -35.2875 -0.859079
-0.0791982 -47.0165 -26.1825
0.000798779 -49.9661 -27.9296
-4.6226 79.254 -27.9514
-11.8587 263.076 -26.3299
1.5956 -51.0079 -7.05817
2.09787 -58.112 -8.43416
6.80805 -110.637 -10.1881
1.47844 -49.891 -6.91072
2.06252 -61.5675 -9.90552
2.83122 -115.017 -23.7119
5.0323 -178.218 -25.7061
17.6125 -412.017 -20.7567
2.64578 -114.022 -24.7975
14.0467 -367.401 -22.7793
2.51198 -96.2141 -19.9684
2.21316 -99.4931 -23.3905
32.4744 -752.729 -21.7344
2.7098 -108.408 -22.546
-0.80059 -27.8248 -22.6246
-1.14856 -21.9599 -21.7249
-4.95474 22.9945 -20.7039
7.24603 -140.264 -13.4417
7.40939 -146.9 -14.0039
3.58091 -92.1498 -13.7246
4.11904 -97.7619 -13.3397
9.21318 -289.234 -26.0711
6.03437 -193.297 -24.0687
5.75036 -181.216 -23.2281
9.15211 -279.489 -25.2255
-0.0211039 -49.1712 -27.5379
0.454491 -63.8323 -29.1964
-1.54377 -5.36114 -29.3188
-25.5362 657.938 -27.7166
4.92222 -68.0473 -5.86788
2.64115 -47.2682 -3.50537
4.49285 -52.5317 -3.25897
3.23681 -54.7616 -4.95632
-2.01276 -30.7679 -3.62783
-2.52403 -24.7309 -5.68252
-1.53186 -31.0993 -4.98246
-2.25263 -30.3229 -3.38679
1.79792 -42.9479 -2.9086
1.56826 -39.2672 -1.44391
3.78834 -55.8082 -4.56188
-1.42542 -34.7943 -1.60436
-3.52618 -27.4603 -2.90921
-3.49564 -22.6003 -4.55497
7.51856 -215.762 -22.413
2.85485 -108.365 -21.555
7.96437 -209.171 -20.4512
4.44377 -140.163 -21.058
3.57603 -124.524 -21.7059
54.5439 -1139.91 -20.0538
10.4757 -226.977 -17.391
4.24478 -117.06 -17.0623
8.9463 -223.421 -19.8331
7.45199 -169.294 -16.749
2.00146 -83.9146 -19.123
4.75656 -123.077 -16.5447
-0.399657 -38.7752 -27.859
-1.21137 -17.1048 -26.5541
-6.78179 132.038 -26.7488
-11.6829 270.238 -27.3831
0.00432401 -36.1828 0.232311
0.311443 -37.3528 -1.31936
-0.465637 -36.3142 -0.736051
0.688395 -35.9486 0.296238
0.809192 -34.8237 1.13546
1.1549 -36.7747 -0.290463
-2.44772 -32.9978 -1.68418
-4.01883 -34.7243 -0.445566
-2.60717 -33.7388 -1.20766
-0.932395 -36.7052 0.919146
-1.29778 -36.332 0.0428965
-0.6068 -36.2495 -0.404646
2.39131 -69.0345 -11.3674
111.139 -919.872 -7.91537
10.4249 -145.909 -10.0437
-2.40525 -21.3073 -10.7364
-8.22148 35.5286 -9.28837
-27.4891 165.428 -7.47116
2.51939 -105.744 -23.0875
2.44832 -99.3977 -21.4852
31.5175 -760.008 -22.6117
29.8348 -673.586 -21.0164
10.4802 -165.856 -11.8116
3.20741 -82.2652 -12.4372
1.55811 -61.2753 -12.204
1.28757 -56.7066 -11.4906
4.15139 -145.897 -23.6206
3.22321 -118.315 -22.0964
2.22746 -101 -23.8223
3.26955 -124.69 -23.5204
3.59081 -126.486 -22.1083
-0.90738 -24.4119 -28.3812
-0.659341 -31.4485 -28.3988
-0.352206 -40.1116 -27.9649
-0.971382 -22.9286 -27.6911
-2.93997 31.0946 -27.4916
-34.998 902.048 -27.191
5.59266 -106.899 -11.6097
3.13388 -75.1144 -10.7156
3.48292 -81.6526 -11.4201
1.62403 -100.393 -30.3394
7.15613 -266.469 -30.1085
12.4409 -407.706 -28.7257
1.04847 -82.1236 -29.8141
4.11554 -165.722 -28.1104
1.03252 -81.6429 -29.8107
0.991281 -67.697 -21.2177
1.30221 -78.1575 -23.375
-3.9698 -10.3269 -22.6494
-1.33503 -18.7312 -20.2619
1.03693 -42.932 -4.34912
1.32419 -40.2531 -2.18215
2.62134 -50.8278 -4.67229
-3.61488 -29.2804 -2.2445
-3.80281 -22.307 -4.2213
-9.79982 4.81245 -4.41508
1.97253 -83.5282 -19.1907
2.25215 -97.8697 -22.4655
3.32179 -106.961 -18.5451
1.55615 -80.2599 -21.5002
0.260728 -57.6692 -28.5214
-2.80528 30.3408 -28.7644
3.56942 -133.739 -24.0122
13.1565 -390.666 -25.9704
93.1416 -2424.25 -25.5041
15.9939 -423.567 -23.4958
5.35669 -122.559 -14.7575
20.2818 -347.77 -14.996
5.25805 -134.342 -17.0612
1.97556 -71.9416 -14.4651
2.34291 -83.0181 -16.5003
24.4456 -402.536 -14.6882
3.20981 -80.6358 -11.9885
5.81346 -109.055 -11.5451
4.14866 -93.7155 -12.3819
2.86905 -76.2676 -11.9042
2.49705 -73.1944 -12.3581
4.80154 -96.8833 -11.4526
-0.568278 -34.2402 -25.8182
-2.68536 21.2741 -26.2074
-0.105205 -46.0505 -25.4389
-5.51779 97.6888 -26.6417
-3.02784 30.5546 -26.3276
-4.91388 76.8359 -25.5652
20.4441 -356.155 -15.2803
11.0808 -187.4 -13.0606
12.9821 -236.12 -14.8339
2.9565 -80.8826 -12.9417
2.04671 -67.9417 -12.4815
13.1154 -205.959 -12.4715
2.16066 -69.5358 -12.5463
27.8938 -388.907 -12.4235
3.65421 -87.6744 -12.4015
1.48298 -73.9121 -19.0785
5.28573 -127.347 -15.7679
4.97554 -131.073 -17.4424
-0.976805 -22.3856 -28.4957
-1.24049 -15.2873 -27.9432
-1.67291 -3.49597 -27.6965
-19.3359 476.008 -27.1819
4.14218 -153.575 -25.3256
27.8135 -736.662 -24.7461
4.12221 -88.0218 -11.2181
2.3707 -70.1576 -11.8422
3.91035 -85.4432 -11.1722
3.66158 -107.585 -17.1769
9.1538 -195.974 -16.5598
1.41555 -61.6526 -13.3158
1.23672 -63.0242 -15.4909
1.42141 -62.5318 -13.7353
-1.28273 -13.5812 -12.6095
-1.7006 -6.44364 -14.7145
8.05374 -114.427 -9.14622
3.24937 -61.7385 -6.80616
13.8486 -154.417 -8.23865
-3.32849 -18.1068 -6.40537
-12.6607 65.1042 -8.33067
-2.66268 -19.6972 -7.63547
0.563943 -34.7214 1.49724
1.15684 -36.9154 -0.375636
0.613225 -35.3591 0.851491
-2.31921 -38.09 0.979283
-4.27444 -37.147 0.224441
-3.82294 -33.8635 -0.729926
4.63823 -141.047 -20.4316
7.35848 -191.165 -19.7357
6.30736 -172.593 -20.0554
3.99473 -126.584 -20.1382
3.44653 -114.66 -19.9135
4.26576 -129.618 -19.6285
7.93882 -149.142 -13.3902
-3.2819 16.2004 -12.4534
2.81827 -118.103 -24.7382
-0.34436 -39.8288 -24.4832
3.39988 -52.999 -4.29516
2.05416 -50.2645 -5.49292
2.03731 -50.4721 -5.61177
2.75186 -49.7848 -4.1622
0.627656 -42.1435 -5.23733
3.91141 -127.273 -20.6762
2.99779 -113.122 -22.0357
104.995 -2214.71 -20.6518
5.44735 -165.912 -21.8355
4.83735 -180.392 -27.0553
8.63205 -297.106 -28.5953
0.955685 -76.9078 -28.118
0.863243 -72.3456 -26.666
5.45745 -161.175 -21.0017
4.36082 -136.844 -20.7338
36.5811 -806.881 -20.7874
4.12167 -127.69 -19.8238
3.98199 -128.882 -20.7097
4.90323 -143.147 -19.8169
4.32416 -62.1498 -5.37165
3.1807 -51.8393 -4.23569
0.327444 -39.5333 -3.96549
-0.421013 -36.6471 -5.17467
0.148423 -42.0143 -8.97455
0.514047 -47.2142 -10.888
-8.29128 44.8687 -10.4023
-4.72854 1.42537 -8.89698
3.85083 -158.407 -28.1395
2.69846 -122.355 -27.0023
1.76424 -97.9719 -27.3763
1.51718 -89.3144 -26.4321
4.47009 -96.7227 -12.1858
94.7902 -1100.2 -11.1662
-2.96356 -8.75006 -11.1304
-107.656 1031.74 -9.96605
4.04554 -97.2396 -13.4408
4.90368 -102.478 -12.2732
2.6688 -78.5669 -13.3875
10.6888 -173.182 -12.2465
2.52348 -82.0889 -15.2026
2.36067 -74.6017 -13.4436
-1.68128 -2.27318 -14.2787
-29.8075 329.02 -12.4601
338.85 -6293.7 -18.44
12.8591 -297.685 -19.583
-1.99613 -10.2218 -17.2969
-0.331555 -39.2314 -18.683
2.77054 -56.1035 -6.07713
-3.20313 -20.8382 -5.69496
4.52604 -67.7033 -6.26285
-6.89351 0.81477 -5.79432
3.68617 -131.664 -22.8436
7.92601 -238.605 -24.0424
-0.630296 -33.1436 -22.2573
-12.5222 249.241 -23.7284
9.62684 -148.908 -11.1326
8.81176 -147.322 -11.9377
57.6447 -720.262 -11.7655
3.38415 -79.4767 -11.1495
14.9311 -217.253 -11.7354
4.56773 -97.2855 -12.0617
4.91594 -194.732 -29.3151
25.3133 -795.201 -29.4127
0.664278 -69.6676 -28.9451
0.881215 -75.9474 -28.9455
1.84812 -39.9259 -1.55285
1.93671 -37.7389 -0.5944
1.0598 -35.142 0.746148
1.09575 -36.7019 -0.255353
0.749394 -36.9596 -0.53494
1.07704 -38.7018 -1.53578
0.529606 -35.6724 0.613748
3.3975 -47.5757 -2.90224
2.26296 -44.2228 -2.88036
0.901536 -40.0923 -2.72992
-0.530138 -36.3672 1.68363
-0.930927 -37.0276 1.6511
-0.394287 -36.0823 2.27991
-2.50389 -38.5886 1.13696
-1.07961 -37.4908 2.01953
14.3685 -230.116 -13.0455
3.1039 -82.9949 -12.9986
5.91053 -165.185 -20.1414
4.98477 -143.88 -19.6556
248.873 -5025.88 -20.0095
14.7196 -217.689 -11.9272
4.59647 -105.898 -13.6873
4.57903 -115.569 -15.6428
12.4337 -234.231 -15.3172
9.45173 -172.972 -13.7495
12.8711 -315.65 -20.9101
2.50711 -95.8709 -19.8863
2.25547 -85.9901 -18.1091
2.6204 -96.0373 -19.2152
2.30244 -88.5449 -18.6864
65.7826 -1173.5 -17.1598
-2.74834 -7.11991 -18.7483
-1.737 -11.6008 -19.7826
-3.76552 22.421 -17.9188
-5.1874 43.4609 -16.9742
0.934361 -34.2536 1.43625
0.472257 -34.304 2.07449
0.562154 -34.6727 1.54608
-0.00418012 -35.3917 1.86945
-0.0325189 -35.7597 1.1788
7.22906 -115.211 -10.2251
17.0474 -183.76 -8.40915
3.31093 -62.2866 -6.84012
-22.1182 162.666 -9.19866
-0.860748 -33.8778 -6.50151
-7.1798 15.9566 -7.80935
2.77631 -41.8644 -1.70514
1.72754 -34.7948 0.677994
2.37634 -37.8863 -0.554627
-0.638361 -36.0335 -1.7613
-0.061071 -36.5669 -0.630622
-0.442999 -36.2761 0.464882
3.74943 -48.4792 -2.87442
3.41059 -43.4397 -1.83176
0.405132 -37.7037 -1.57362
-0.141337 -37.2384 -2.71002
10.7056 -245.06 -18.6491
8.4535 -188.903 -16.7309
-1.57021 -4.37341 -15.7609
5.73786 -165.794 -20.7978
4.42799 -56.0142 -4.01028
-1.5763 -31.938 -4.00786
14.1349 -279.684 -16.6435
6.54969 -148.045 -15.8771
9.81002 -199.952 -15.891
20.185 -374.477 -16.3581
1.91796 -84.8852 -20.1897
4.90373 -115.11 -14.6156
8.18915 -165.943 -14.94
13.3797 -224.319 -13.5576
7.01405 -138.326 -13.599
10.6356 -202.4 -14.9317
-0.0544023 -35.4772 1.88875
-0.238703 -36.0042 1.17268
-0.736828 -36.4873 0.765342
-6.32515 -39.107 0.481396
-2.94557 -39.4449 1.28108
-4.77942 -36.9584 0.154081
3.24459 -116.392 -21.4547
4.29534 -131.702 -19.9426
-0.858014 -29.3743 -18.7405
-0.627917 -33.4362 -20.5369
27.4287 -340.047 -10.8803
44.0475 -542.409 -11.3641
4.80773 -96.9308 -11.4482
0.426349 -34.4133 2.05913
0.415335 -34.2638 2.24955
1.31102 -33.387 1.61718
-1.30663 -37.6498 1.65341
-0.773096 -36.6743 1.32524
-0.761545 -36.8315 1.95729
7.62854 -159.544 -15.1835
10.3224 -187.384 -13.9753
-1.8969 -16.5694 -14.0084
-2.94034 -4.92262 -12.7969
0.0222448 -35.0783 2.3862
-1.42549 -38.1437 1.97074
0.0183392 -34.9983 2.56238
-0.376549 -36.0183 2.48989
-0.500725 -36.3258 2.34847
51.253 -936.003 -17.3884
-2.4501 -4.24097 -16.3428
4.90628 -124.129 -16.2806
-6.68895 59.1669 -15.3966
107.922 -3055.26 -27.8474
5.52266 -111.84 -12.5669
9.46209 -179.085 -14.3495
7.39945 -150.909 -14.5298
5.77909 -116.661 -12.8218
0.00328397 -35.1333 2.36635
7.56066 -157.328 -15.0363
-4.00342 12.2531 -13.813
5.20367 -105.982 -12.242
6.1099 -113.762 -11.7397
5.71359 -120.545 -13.5836
9.58681 -157.199 -11.9997
-1.89598 -21.3231 -10.6398
-2.33167 -16.1197 -10.9478
-83.6526 995.769 -12.41
5.35629 -99.5947 -10.8295
14.2751 -179.346 -9.68918
-13.6843 78.2645 -8.68177
-3.47125 -7.44456 -9.67352
